,DATE,OBSRUNOFF,SIMRUNOFF,RESIDUAL
0,2011-05-15,0.774,0.168,0.606
1,2011-05-16,1.109,0.27899999999999997,0.8300000000000001
2,2011-05-17,1.443,1.4809999999999999,-0.03799999999999981
3,2011-05-18,1.056,1.564,-0.508
4,2011-05-19,0.95,1.0390000000000001,-0.08900000000000019
5,2011-05-20,0.897,1.165,-0.268
6,2011-05-21,0.845,1.2590000000000001,-0.41400000000000015
7,2011-05-22,0.721,1.234,-0.513
8,2011-05-23,0.598,1.107,-0.509
9,2011-05-24,0.528,0.99,-0.46199999999999997
10,2011-05-25,0.545,0.9790000000000001,-0.43400000000000005
11,2011-05-26,0.598,1.138,-0.5399999999999999
12,2011-05-27,0.6859999999999999,1.202,-0.516
13,2011-05-28,1.214,1.307,-0.09299999999999997
14,2011-05-29,1.7069999999999999,2.001,-0.29400000000000004
15,2011-05-30,1.619,1.999,-0.3800000000000001
16,2011-05-31,1.9180000000000001,1.7369999999999999,0.18100000000000027
17,2011-01-06,2.499,2.399,0.10000000000000009
18,2011-02-06,1.5490000000000002,2.373,-0.8240000000000001
19,2011-03-06,2.411,2.543,-0.13200000000000012
20,2011-04-06,2.9210000000000003,2.785,0.13600000000000012
21,2011-05-06,2.041,2.296,-0.2549999999999999
22,2011-06-06,1.4080000000000001,2.082,-0.6739999999999997
23,2011-07-06,1.126,1.8880000000000001,-0.7620000000000002
24,2011-08-06,0.968,1.7209999999999999,-0.7529999999999999
25,2011-09-06,0.809,1.558,-0.749
26,2011-10-06,0.669,1.403,-0.734
27,2011-11-06,0.598,1.255,-0.6569999999999999
28,2011-12-06,1.179,1.161,0.018000000000000016
29,2011-06-13,7.127000000000001,9.593,-2.4659999999999993
30,2011-06-14,3.8360000000000003,4.796,-0.96
31,2011-06-15,3.3080000000000003,3.327,-0.018999999999999684
32,2011-06-16,2.5869999999999997,2.924,-0.3370000000000002
33,2011-06-17,1.742,2.0669999999999997,-0.32499999999999973
34,2011-06-18,1.285,1.8130000000000002,-0.5280000000000002
35,2011-06-19,0.985,1.618,-0.6330000000000001
36,2011-06-20,0.757,1.4409999999999998,-0.6839999999999998
37,2011-06-21,0.7040000000000001,1.3259999999999998,-0.6219999999999998
38,2011-06-22,0.792,1.399,-0.607
39,2011-06-23,0.7040000000000001,1.3730000000000002,-0.6690000000000002
40,2011-06-24,2.516,2.0869999999999997,0.42900000000000027
41,2011-06-25,2.2880000000000003,2.525,-0.23699999999999966
42,2011-06-26,1.636,1.859,-0.2230000000000001
43,2011-06-27,1.179,1.6680000000000001,-0.4890000000000001
44,2011-06-28,0.968,1.486,-0.518
45,2011-06-29,0.845,1.321,-0.476
46,2011-06-30,0.774,1.183,-0.40900000000000003
47,2011-01-07,1.073,1.272,-0.19900000000000007
48,2011-02-07,1.4080000000000001,1.358,0.050000000000000044
49,2011-03-07,1.285,1.2919999999999998,-0.006999999999999895
50,2011-04-07,4.663,2.148,2.515
51,2011-05-07,2.428,1.935,0.4929999999999999
52,2011-06-07,1.619,1.4480000000000002,0.17099999999999982
53,2011-07-07,1.179,1.284,-0.10499999999999998
54,2011-08-07,0.9329999999999999,1.137,-0.20400000000000007
55,2011-09-07,1.003,1.2109999999999999,-0.20799999999999996
56,2011-10-07,0.774,1.249,-0.4750000000000001
57,2011-11-07,0.6509999999999999,1.166,-0.515
58,2011-12-07,0.616,1.351,-0.735
59,2011-07-13,0.581,1.3880000000000001,-0.8070000000000002
60,2011-07-14,0.545,1.2930000000000001,-0.7480000000000001
61,2011-07-15,0.493,1.149,-0.656
62,2011-07-16,0.44,1.016,-0.5760000000000001
63,2011-07-17,0.405,0.919,-0.514
64,2011-07-18,0.37,0.855,-0.485
65,2011-07-19,0.35200000000000004,0.775,-0.423
66,2011-07-20,0.37,1.137,-0.767
67,2011-07-21,0.405,1.1440000000000001,-0.7390000000000001
68,2011-07-22,0.405,1.046,-0.641
69,2011-07-23,1.1440000000000001,1.556,-0.4119999999999999
70,2011-07-24,1.32,1.47,-0.1499999999999999
71,2011-07-25,0.897,1.253,-0.35599999999999987
72,2011-07-26,0.774,1.203,-0.42900000000000005
73,2011-07-27,0.7390000000000001,1.159,-0.41999999999999993
74,2011-07-28,0.581,1.043,-0.46199999999999997
75,2011-07-29,1.2670000000000001,0.9229999999999999,0.3440000000000002
76,2011-07-30,1.197,0.912,0.28500000000000003
77,2011-07-31,0.8270000000000001,0.885,-0.05799999999999994
78,2011-01-08,0.598,0.7809999999999999,-0.18299999999999994
79,2011-02-08,0.51,0.687,-0.17700000000000005
80,2011-03-08,0.45799999999999996,0.603,-0.14500000000000002
81,2011-04-08,0.405,0.529,-0.124
82,2011-05-08,0.387,0.48,-0.09299999999999997
83,2011-06-08,0.37,0.43799999999999994,-0.06799999999999995
84,2011-07-08,0.35200000000000004,0.38299999999999995,-0.030999999999999917
85,2011-08-08,1.724,0.52,1.204
86,2011-09-08,2.991,1.137,1.854
87,2011-10-08,3.431,2.276,1.1550000000000002
88,2011-11-08,1.83,2.184,-0.3540000000000001
89,2011-12-08,1.232,1.395,-0.16300000000000003
90,2011-08-13,0.9329999999999999,1.263,-0.32999999999999996
91,2011-08-14,0.6859999999999999,1.128,-0.44199999999999995
92,2011-08-15,1.109,1.002,0.10699999999999998
93,2011-08-16,37.024,37.748000000000005,-0.7240000000000038
94,2011-08-17,14.693,12.720999999999998,1.9720000000000013
95,2011-08-18,7.8660000000000005,9.43,-1.5639999999999992
96,2011-08-19,4.065,4.288,-0.22299999999999986
97,2011-08-20,2.71,2.445,0.2650000000000001
98,2011-08-21,2.164,2.7539999999999996,-0.5899999999999994
99,2011-08-22,1.672,2.6039999999999996,-0.9319999999999997
100,2011-08-23,1.3019999999999998,2.13,-0.8280000000000001
101,2011-08-24,1.056,1.926,-0.8699999999999999
102,2011-08-25,0.862,1.735,-0.8730000000000001
103,2011-08-26,0.721,1.5619999999999998,-0.8409999999999999
104,2011-08-27,0.845,1.845,-1.0
105,2011-08-28,1.9880000000000002,2.388,-0.3999999999999997
106,2011-08-29,2.428,6.3870000000000005,-3.9590000000000005
107,2011-08-30,1.672,5.375,-3.7030000000000003
108,2011-08-31,1.355,4.427,-3.0719999999999996
109,2011-01-09,1.5130000000000001,3.812,-2.2989999999999995
110,2011-02-09,1.1440000000000001,2.8560000000000003,-1.7120000000000002
111,2011-03-09,0.9329999999999999,2.475,-1.5420000000000003
112,2011-04-09,0.792,2.274,-1.482
113,2011-05-09,0.757,2.146,-1.3889999999999998
114,2011-06-09,0.7040000000000001,2.019,-1.315
115,2011-07-09,0.669,2.036,-1.367
116,2011-08-09,1.179,5.422999999999999,-4.243999999999999
117,2011-09-09,0.8270000000000001,4.306,-3.479
118,2011-10-09,0.6859999999999999,2.778,-2.092
119,2011-11-09,0.915,2.426,-1.5110000000000001
120,2011-12-09,7.391,16.754,-9.363000000000001
121,2011-09-13,2.8680000000000003,5.982,-3.114
122,2011-09-14,40.121,25.750999999999998,14.370000000000005
123,2011-09-15,10.575999999999999,23.804000000000002,-13.228000000000003
124,2011-09-16,5.085,5.768,-0.6829999999999998
125,2011-09-17,3.3080000000000003,3.237,0.07100000000000017
126,2011-09-18,2.34,3.08,-0.7400000000000002
127,2011-09-19,1.795,2.967,-1.1720000000000002
128,2011-09-20,1.584,2.7430000000000003,-1.1590000000000003
129,2011-09-21,1.496,2.512,-1.016
130,2011-09-22,1.249,2.292,-1.0429999999999997
131,2011-09-23,1.39,2.113,-0.7230000000000001
132,2011-09-24,3.0789999999999997,3.1510000000000002,-0.07200000000000051
133,2011-09-25,1.9709999999999999,3.09,-1.119
134,2011-09-26,3.555,2.26,1.2950000000000004
135,2011-09-27,9.801,17.951,-8.15
136,2011-09-28,5.649,8.221,-2.572
137,2011-09-29,6.775,9.704,-2.9290000000000003
138,2011-09-30,3.8360000000000003,23.925,-20.089
139,2011-01-10,2.903,6.151,-3.2479999999999998
140,2011-02-10,3.8710000000000004,5.188,-1.3169999999999993
141,2011-03-10,2.903,4.802,-1.8989999999999996
142,2011-04-10,3.009,4.361000000000001,-1.3520000000000008
143,2011-05-10,4.047,5.4479999999999995,-1.4009999999999998
144,2011-06-10,4.628,5.614,-0.9859999999999998
145,2011-07-10,4.558,5.361000000000001,-0.8030000000000008
146,2011-08-10,14.764000000000001,18.160999999999998,-3.3969999999999967
147,2011-09-10,7.197,6.627000000000001,0.5699999999999994
148,2011-10-10,7.144,7.959,-0.8149999999999995
149,2011-11-10,5.033,6.374,-1.3409999999999993
150,2011-12-10,9.097999999999999,8.999,0.09899999999999842
151,2011-10-13,5.402,6.672999999999999,-1.270999999999999
152,2011-10-14,3.502,4.8469999999999995,-1.3449999999999998
153,2011-10-15,2.622,3.6060000000000003,-0.9840000000000004
154,2011-10-16,2.147,3.3939999999999997,-1.2469999999999999
155,2011-10-17,1.795,3.174,-1.379
156,2011-10-18,1.5130000000000001,2.887,-1.3739999999999999
157,2011-10-19,3.3789999999999996,2.6710000000000003,0.7079999999999993
158,2011-10-20,10.645999999999999,12.261,-1.6150000000000002
159,2011-10-21,7.074,15.32,-8.246
160,2011-10-22,5.737,5.965,-0.22799999999999976
161,2011-10-23,3.818,3.7310000000000003,0.08699999999999974
162,2011-10-24,2.6919999999999997,2.87,-0.17800000000000038
163,2011-10-25,2.112,2.609,-0.4969999999999999
164,2011-10-26,1.742,2.371,-0.629
165,2011-10-27,1.496,2.249,-0.7530000000000001
166,2011-10-28,1.32,2.122,-0.8019999999999998
167,2011-10-29,1.232,1.97,-0.738
168,2011-10-30,1.672,1.95,-0.278
169,2011-10-31,2.411,2.6689999999999996,-0.25799999999999956
170,2011-01-11,2.076,2.886,-0.81
171,2011-02-11,1.6540000000000001,2.303,-0.6489999999999998
172,2011-03-11,1.425,2.142,-0.7169999999999999
173,2011-04-11,1.2670000000000001,1.9769999999999999,-0.7099999999999997
174,2011-05-11,1.1440000000000001,1.821,-0.6769999999999998
175,2011-06-11,1.2670000000000001,1.768,-0.5009999999999999
176,2011-07-11,1.355,1.92,-0.565
177,2011-08-11,1.214,2.057,-0.843
178,2011-09-11,1.109,2.001,-0.8919999999999999
179,2011-10-11,1.038,1.8219999999999998,-0.7839999999999998
180,2011-11-11,0.9329999999999999,1.656,-0.723
181,2011-12-11,0.862,1.506,-0.644
182,2011-11-13,0.9329999999999999,1.4969999999999999,-0.564
183,2011-11-14,2.727,2.1830000000000003,0.5439999999999996
184,2011-11-15,3.097,3.173,-0.07600000000000007
185,2011-11-16,2.094,2.818,-0.7240000000000002
186,2011-11-17,1.6540000000000001,2.084,-0.42999999999999994
187,2011-11-18,1.636,1.899,-0.2630000000000001
188,2011-11-19,2.8510000000000004,2.9530000000000003,-0.10199999999999987
189,2011-11-20,4.663,4.246,0.4169999999999998
190,2011-11-21,4.17,4.499,-0.32899999999999974
191,2011-11-22,2.71,3.2889999999999997,-0.5789999999999997
192,2011-11-23,2.059,2.388,-0.32899999999999974
193,2011-11-24,2.305,2.532,-0.22699999999999987
194,2011-11-25,2.464,3.4389999999999996,-0.9749999999999996
195,2011-11-26,2.763,4.649,-1.8860000000000001
196,2011-11-27,2.182,3.97,-1.7880000000000003
197,2011-11-28,1.936,2.8360000000000003,-0.9000000000000004
198,2011-11-29,3.15,3.168,-0.018000000000000238
199,2011-11-30,4.1,3.5060000000000002,0.5939999999999994
200,2011-01-12,4.082,3.608,0.47399999999999975
201,2011-02-12,4.17,5.189,-1.0190000000000001
202,2011-03-12,3.572,4.83,-1.258
203,2011-04-12,2.71,3.3489999999999998,-0.6389999999999998
204,2011-05-12,4.382,7.1579999999999995,-2.776
205,2011-06-12,3.8360000000000003,6.227,-2.391
206,2011-07-12,2.675,4.148,-1.4729999999999999
207,2011-08-12,2.129,3.298,-1.169
208,2011-09-12,1.883,3.012,-1.129
209,2011-10-12,1.672,2.745,-1.0730000000000002
210,2011-11-12,1.496,2.508,-1.012
211,2011-12-12,2.041,2.292,-0.2509999999999999
212,2011-12-13,1.443,2.089,-0.6459999999999999
213,2011-12-14,1.83,2.1919999999999997,-0.36199999999999966
214,2011-12-15,3.009,2.938,0.07099999999999973
215,2011-12-16,2.164,3.022,-0.8579999999999997
216,2011-12-17,1.9880000000000002,2.443,-0.45499999999999985
217,2011-12-18,2.991,2.235,0.7560000000000002
218,2011-12-19,4.558,2.04,2.518
219,2011-12-20,4.822,1.874,2.948
220,2011-12-21,4.311,1.7209999999999999,2.59
221,2011-12-22,4.769,1.57,3.199
222,2011-12-23,4.223,1.585,2.638
223,2011-12-24,3.572,4.152,-0.5800000000000001
224,2011-12-25,3.009,4.552,-1.5429999999999997
225,2011-12-26,13.989,12.462,1.527000000000001
226,2011-12-27,14.887,19.25,-4.3629999999999995
227,2011-12-28,4.452,5.183,-0.7309999999999999
228,2011-12-29,3.0439999999999996,2.798,0.24599999999999955
229,2011-12-30,2.358,2.5180000000000002,-0.16000000000000014
230,2011-12-31,2.4459999999999997,2.306,0.13999999999999968
231,2012-01-01,3.167,2.115,1.0519999999999996
232,2012-02-01,2.024,1.9369999999999998,0.08700000000000019
233,2012-03-01,2.27,1.771,0.4990000000000001
234,2012-04-01,2.4459999999999997,1.62,0.8259999999999996
235,2012-05-01,1.9709999999999999,1.494,0.47699999999999987
236,2012-06-01,2.323,1.385,0.938
237,2012-07-01,3.273,1.278,1.995
238,2012-08-01,4.628,1.176,3.452
239,2012-09-01,6.141,1.077,5.064
240,2012-10-01,6.159,0.995,5.164
241,2012-11-01,4.909,1.08,3.8289999999999997
242,2012-12-01,4.734,7.1770000000000005,-2.4430000000000005
243,2012-01-13,3.097,5.21,-2.113
244,2012-01-14,2.094,3.826,-1.7320000000000002
245,2012-01-15,4.047,3.235,0.8119999999999998
246,2012-01-16,7.725,7.377000000000001,0.347999999999999
247,2012-01-17,4.399,5.395,-0.9959999999999996
248,2012-01-18,2.903,3.4019999999999997,-0.49899999999999967
249,2012-01-19,2.305,2.471,-0.16599999999999993
250,2012-01-20,1.953,2.258,-0.30499999999999994
251,2012-01-21,1.689,2.06,-0.371
252,2012-01-22,1.4609999999999999,1.88,-0.41900000000000004
253,2012-01-23,1.9709999999999999,1.714,0.2569999999999999
254,2012-01-24,5.085,1.5630000000000002,3.522
255,2012-01-25,5.138,1.425,3.713
256,2012-01-26,3.9589999999999996,1.3,2.659
257,2012-01-27,1.936,1.185,0.7509999999999999
258,2012-01-28,0.9329999999999999,1.081,-0.14800000000000002
259,2012-01-29,0.7040000000000001,0.986,-0.2819999999999999
260,2012-01-30,0.669,0.899,-0.22999999999999998
261,2012-01-31,0.985,0.82,0.16500000000000004
262,2012-01-02,1.1440000000000001,0.747,0.39700000000000013
263,2012-02-02,1.2670000000000001,0.682,0.5850000000000001
264,2012-03-02,1.073,0.622,0.45099999999999996
265,2012-04-02,1.443,0.5670000000000001,0.876
266,2012-05-02,1.742,0.522,1.22
267,2012-06-02,1.619,0.483,1.1360000000000001
268,2012-07-02,1.8119999999999998,0.871,0.9409999999999998
269,2012-08-02,2.217,0.846,1.371
270,2012-09-02,1.285,0.769,0.5159999999999999
271,2012-10-02,0.616,0.7020000000000001,-0.08600000000000008
272,2012-11-02,0.45799999999999996,0.6409999999999999,-0.18299999999999994
273,2012-12-02,0.42200000000000004,0.599,-0.17699999999999994
274,2012-02-13,0.405,0.5660000000000001,-0.16100000000000003
275,2012-02-14,4.803999999999999,2.221,2.5829999999999993
276,2012-02-15,6.6339999999999995,2.469,4.164999999999999
277,2012-02-16,5.172999999999999,1.185,3.987999999999999
278,2012-02-17,6.282,1.805,4.477
279,2012-02-18,5.0680000000000005,2.27,2.7980000000000005
280,2012-02-19,4.276,3.4810000000000003,0.7949999999999995
281,2012-02-20,3.572,3.313,0.2589999999999999
282,2012-02-21,3.572,2.483,1.089
283,2012-02-22,3.8710000000000004,2.2769999999999997,1.5940000000000007
284,2012-02-23,8.27,5.506,2.7639999999999993
285,2012-02-24,12.775,18.823,-6.048
286,2012-02-25,13.338,14.015,-0.6770000000000014
287,2012-02-26,4.487,4.658,-0.17100000000000026
288,2012-02-27,2.552,2.75,-0.19799999999999995
289,2012-02-28,11.120999999999999,13.231,-2.110000000000001
290,2012-02-29,64.492,26.954,37.538000000000004
291,2012-01-03,73.87100000000001,41.305,32.56600000000001
292,2012-02-03,25.55,16.012,9.538
293,2012-03-03,6.247000000000001,5.032,1.2150000000000007
294,2012-04-03,3.695,3.2030000000000003,0.49199999999999955
295,2012-05-03,3.062,2.984,0.07799999999999985
296,2012-06-03,2.481,2.7430000000000003,-0.26200000000000045
297,2012-07-03,2.076,2.519,-0.44300000000000006
298,2012-08-03,1.672,2.521,-0.849
299,2012-09-03,6.018,6.85,-0.8319999999999999
300,2012-10-03,7.76,19.094,-11.334000000000001
301,2012-11-03,14.007,11.542,2.465
302,2012-12-03,41.211999999999996,20.268,20.943999999999996
303,2012-03-13,39.047,38.93,0.11699999999999733
304,2012-03-14,9.379,7.901,1.4779999999999998
305,2012-03-15,10.065,8.861,1.2039999999999988
306,2012-03-16,10.892000000000001,10.658,0.23400000000000176
307,2012-03-17,9.133,11.823,-2.6900000000000013
308,2012-03-18,5.561,5.4,0.1609999999999996
309,2012-03-19,3.783,3.534,0.2490000000000001
310,2012-03-20,7.372999999999999,3.236,4.136999999999999
311,2012-03-21,28.56,28.344,0.21599999999999753
312,2012-03-22,86.101,41.574,44.527
313,2012-03-23,60.744,72.503,-11.759
314,2012-03-24,25.656,22.958000000000002,2.697999999999997
315,2012-03-25,17.262,13.845,3.417
316,2012-03-26,9.115,6.274,2.841
317,2012-03-27,16.418,8.318,8.1
318,2012-03-28,41.317,36.26,5.057000000000002
319,2012-03-29,18.125,25.046999999999997,-6.921999999999997
320,2012-03-30,10.224,12.059000000000001,-1.8350000000000009
321,2012-03-31,5.367000000000001,5.486000000000001,-0.11899999999999977
322,2012-01-04,3.8710000000000004,3.802,0.0690000000000004
323,2012-02-04,2.903,3.5389999999999997,-0.6359999999999997
324,2012-03-04,2.34,3.2430000000000003,-0.9030000000000005
325,2012-04-04,1.9709999999999999,2.969,-0.998
326,2012-05-04,1.883,2.86,-0.9769999999999999
327,2012-06-04,1.795,2.7319999999999998,-0.9369999999999998
328,2012-07-04,1.584,2.511,-0.927
329,2012-08-04,1.4609999999999999,2.3,-0.839
330,2012-09-04,1.4080000000000001,2.11,-0.7019999999999997
331,2012-10-04,2.182,2.1430000000000002,0.0389999999999997
332,2012-11-04,5.314,6.171,-0.8570000000000002
333,2012-12-04,5.473,15.186,-9.713000000000001
334,2012-04-13,3.572,5.109,-1.537
335,2012-04-14,2.5340000000000003,2.875,-0.34099999999999975
336,2012-04-15,2.147,2.524,-0.3770000000000002
337,2012-04-16,1.865,2.401,-0.5359999999999998
338,2012-04-17,1.865,2.303,-0.43799999999999994
339,2012-04-18,1.795,2.145,-0.3500000000000001
340,2012-04-19,2.024,2.866,-0.8420000000000001
341,2012-04-20,2.411,6.284,-3.8729999999999998
342,2012-04-21,2.464,8.762,-6.298
343,2012-04-22,2.235,5.379,-3.1439999999999997
344,2012-04-23,2.27,5.015,-2.7449999999999997
345,2012-04-24,2.5869999999999997,4.96,-2.373
346,2012-04-25,2.798,4.928,-2.13
347,2012-04-26,3.1319999999999997,5.046,-1.9140000000000006
348,2012-04-27,3.255,4.859,-1.604
349,2012-04-28,3.3789999999999996,4.291,-0.9120000000000008
350,2012-04-29,3.748,5.092,-1.3439999999999994
351,2012-04-30,2.798,5.04,-2.242
352,2012-01-05,2.411,3.636,-1.225
353,2012-02-05,2.516,3.458,-0.9420000000000002
354,2012-03-05,2.305,3.384,-1.0789999999999997
355,2012-04-05,1.795,3.31,-1.5150000000000001
356,2012-05-05,1.636,3.548,-1.9120000000000001
357,2012-06-05,1.39,3.41,-2.0200000000000005
358,2012-07-05,1.214,4.878,-3.664
359,2012-08-05,1.161,5.2410000000000005,-4.08
360,2012-09-05,1.1440000000000001,3.7230000000000003,-2.579
361,2012-10-05,1.337,3.324,-1.9869999999999999
362,2012-11-05,1.3730000000000002,3.148,-1.775
363,2012-12-05,1.619,3.5260000000000002,-1.9070000000000003
364,2012-05-13,1.39,3.49,-2.1000000000000005
365,2012-05-14,1.4080000000000001,3.179,-1.7709999999999997
366,2012-05-15,1.337,3.029,-1.692
367,2012-05-16,1.073,2.823,-1.75
368,2012-05-17,1.021,2.614,-1.593
369,2012-05-18,2.4459999999999997,3.701,-1.2550000000000003
370,2012-05-19,1.883,4.261,-2.378
371,2012-05-20,1.32,3.097,-1.777
372,2012-05-21,1.038,2.6319999999999997,-1.5939999999999996
373,2012-05-22,0.897,2.4090000000000003,-1.5120000000000002
374,2012-05-23,0.792,2.225,-1.433
375,2012-05-24,0.6859999999999999,2.056,-1.37
376,2012-05-25,0.616,1.892,-1.2759999999999998
377,2012-05-26,0.581,1.76,-1.179
378,2012-05-27,0.528,1.626,-1.0979999999999999
379,2012-05-28,0.493,1.51,-1.017
380,2012-05-29,0.45799999999999996,1.405,-0.9470000000000001
381,2012-05-30,0.42200000000000004,1.265,-0.8429999999999999
382,2012-05-31,0.493,1.19,-0.697
383,2012-01-06,0.51,1.2890000000000001,-0.7790000000000001
384,2012-02-06,0.475,1.392,-0.9169999999999999
385,2012-03-06,1.584,1.835,-0.2509999999999999
386,2012-04-06,1.337,1.706,-0.369
387,2012-05-06,1.5659999999999998,1.786,-0.2200000000000002
388,2012-06-06,1.197,1.798,-0.601
389,2012-07-06,0.8270000000000001,1.672,-0.8449999999999999
390,2012-08-06,0.6509999999999999,1.492,-0.8410000000000001
391,2012-09-06,0.545,1.327,-0.7819999999999999
392,2012-10-06,0.475,1.178,-0.703
393,2012-11-06,0.44,1.044,-0.6040000000000001
394,2012-12-06,0.405,0.927,-0.522
395,2012-06-13,0.387,0.821,-0.43399999999999994
396,2012-06-14,0.6509999999999999,0.9740000000000001,-0.3230000000000002
397,2012-06-15,0.598,1.011,-0.4129999999999999
398,2012-06-16,0.51,0.905,-0.395
399,2012-06-17,0.45799999999999996,0.7979999999999999,-0.33999999999999997
400,2012-06-18,0.475,0.722,-0.247
401,2012-06-19,7.127000000000001,4.79,2.3370000000000006
402,2012-06-20,3.255,3.748,-0.4930000000000003
403,2012-06-21,1.795,1.864,-0.06900000000000017
404,2012-06-22,1.249,1.3319999999999999,-0.08299999999999974
405,2012-06-23,0.95,1.1840000000000002,-0.2340000000000002
406,2012-06-24,0.757,1.0490000000000002,-0.29200000000000015
407,2012-06-25,0.6509999999999999,0.929,-0.27800000000000014
408,2012-06-26,0.968,1.022,-0.05400000000000005
409,2012-06-27,0.8270000000000001,1.167,-0.33999999999999997
410,2012-06-28,1.021,1.4369999999999998,-0.4159999999999999
411,2012-06-29,0.9329999999999999,1.442,-0.509
412,2012-06-30,0.7040000000000001,1.345,-0.6409999999999999
413,2012-01-07,0.6509999999999999,1.215,-0.5640000000000002
414,2012-02-07,1.003,1.196,-0.19300000000000006
415,2012-03-07,1.4080000000000001,1.273,0.13500000000000023
416,2012-04-07,0.88,1.225,-0.3450000000000001
417,2012-05-07,0.6859999999999999,1.085,-0.399
418,2012-06-07,0.581,0.9570000000000001,-0.3760000000000001
419,2012-07-07,0.528,0.847,-0.31899999999999995
420,2012-08-07,0.51,0.748,-0.238
421,2012-09-07,0.581,0.7090000000000001,-0.1280000000000001
422,2012-10-07,1.777,1.186,0.591
423,2012-11-07,1.126,1.074,0.051999999999999824
424,2012-12-07,1.214,0.9329999999999999,0.281
425,2012-07-13,1.584,1.546,0.038000000000000034
426,2012-07-14,1.073,1.5119999999999998,-0.43899999999999983
427,2012-07-15,0.9329999999999999,1.253,-0.31999999999999995
428,2012-07-16,0.88,1.162,-0.2819999999999999
429,2012-07-17,0.774,1.051,-0.2769999999999999
430,2012-07-18,0.862,0.976,-0.11399999999999999
431,2012-07-19,0.774,1.114,-0.3400000000000001
432,2012-07-20,0.897,1.147,-0.25
433,2012-07-21,1.161,1.124,0.03699999999999992
434,2012-07-22,2.569,1.239,1.3299999999999998
435,2012-07-23,3.449,1.528,1.9209999999999998
436,2012-07-24,2.675,1.591,1.0839999999999999
437,2012-07-25,1.531,1.515,0.016000000000000014
438,2012-07-26,1.161,1.386,-0.22499999999999987
439,2012-07-27,0.95,1.2570000000000001,-0.30700000000000016
440,2012-07-28,0.88,1.18,-0.29999999999999993
441,2012-07-29,1.76,1.682,0.07800000000000007
442,2012-07-30,1.496,1.551,-0.05499999999999994
443,2012-07-31,1.3730000000000002,1.46,-0.08699999999999974
444,2012-01-08,1.038,1.385,-0.347
445,2012-02-08,0.845,1.264,-0.41900000000000004
446,2012-03-08,0.6859999999999999,1.156,-0.47
447,2012-04-08,0.616,1.026,-0.41000000000000003
448,2012-05-08,0.581,0.907,-0.32600000000000007
449,2012-06-08,0.545,0.83,-0.2849999999999999
450,2012-07-08,0.528,0.7659999999999999,-0.23799999999999988
451,2012-08-08,0.581,1.6159999999999999,-1.035
452,2012-09-08,0.581,1.662,-1.081
453,2012-10-08,0.581,1.217,-0.6360000000000001
454,2012-11-08,0.616,1.166,-0.5499999999999999
455,2012-12-08,0.581,1.113,-0.532
456,2012-08-13,0.528,1.031,-0.5029999999999999
457,2012-08-14,0.475,0.9179999999999999,-0.44299999999999995
458,2012-08-15,0.581,0.84,-0.259
459,2012-08-16,0.493,0.7709999999999999,-0.2779999999999999
460,2012-08-17,0.42200000000000004,0.682,-0.26
461,2012-08-18,0.405,0.602,-0.19699999999999995
462,2012-08-19,0.88,0.564,0.31600000000000006
463,2012-08-20,1.073,1.0290000000000001,0.04399999999999982
464,2012-08-21,1.5130000000000001,1.035,0.4780000000000002
465,2012-08-22,1.601,1.499,0.10199999999999987
466,2012-08-23,1.056,1.406,-0.34999999999999987
467,2012-08-24,0.792,1.242,-0.44999999999999996
468,2012-08-25,0.669,1.1079999999999999,-0.43899999999999983
469,2012-08-26,2.6039999999999996,1.892,0.7119999999999997
470,2012-08-27,1.672,1.786,-0.1140000000000001
471,2012-08-28,1.232,1.58,-0.3480000000000001
472,2012-08-29,0.968,1.631,-0.663
473,2012-08-30,0.757,1.52,-0.763
474,2012-08-31,0.616,1.3659999999999999,-0.7499999999999999
475,2012-01-09,0.563,1.26,-0.6970000000000001
476,2012-02-09,0.669,1.208,-0.5389999999999999
477,2012-03-09,2.112,1.885,0.2270000000000001
478,2012-04-09,2.34,1.9580000000000002,0.3819999999999997
479,2012-05-09,6.141,2.1630000000000003,3.9779999999999998
480,2012-06-09,4.909,3.657,1.2519999999999998
481,2012-07-09,11.86,4.766,7.093999999999999
482,2012-08-09,14.745999999999999,18.209,-3.463000000000001
483,2012-09-09,5.965,5.615,0.34999999999999964
484,2012-10-09,3.467,3.062,0.40500000000000025
485,2012-11-09,4.276,2.46,1.8159999999999998
486,2012-12-09,4.294,3.284,1.0099999999999998
487,2012-09-13,2.9389999999999996,3.7880000000000003,-0.8490000000000006
488,2012-09-14,6.986000000000001,4.345,2.641000000000001
489,2012-09-15,7.074,7.132999999999999,-0.058999999999999275
490,2012-09-16,6.511,7.492999999999999,-0.9819999999999993
491,2012-09-17,5.226,5.795,-0.569
492,2012-09-18,3.467,4.656000000000001,-1.1890000000000005
493,2012-09-19,2.833,4.39,-1.5569999999999995
494,2012-09-20,2.464,3.8339999999999996,-1.3699999999999997
495,2012-09-21,2.094,3.2760000000000002,-1.1820000000000004
496,2012-09-22,1.9,3.263,-1.363
497,2012-09-23,1.636,3.092,-1.4560000000000002
498,2012-09-24,1.3730000000000002,2.82,-1.4469999999999996
499,2012-09-25,1.179,2.559,-1.3800000000000001
500,2012-09-26,1.021,2.3169999999999997,-1.2959999999999998
501,2012-09-27,0.9329999999999999,2.0980000000000003,-1.1650000000000005
502,2012-09-28,0.897,1.9969999999999999,-1.0999999999999999
503,2012-09-29,0.862,1.974,-1.112
504,2012-09-30,0.845,1.946,-1.101
505,2012-01-10,0.774,1.8430000000000002,-1.0690000000000002
506,2012-02-10,0.7040000000000001,1.675,-0.971
507,2012-03-10,0.633,1.5590000000000002,-0.9260000000000002
508,2012-04-10,0.581,2.947,-2.366
509,2012-05-10,0.545,3.609,-3.064
510,2012-06-10,0.545,3.1189999999999998,-2.574
511,2012-07-10,9.766,3.47,6.295999999999999
512,2012-08-10,8.147,4.426,3.721
513,2012-09-10,7.391,7.495,-0.10400000000000009
514,2012-10-10,3.8360000000000003,5.6339999999999995,-1.7979999999999992
515,2012-11-10,2.903,5.004,-2.1009999999999995
516,2012-12-10,2.147,3.548,-1.4010000000000002
517,2012-10-13,1.7069999999999999,2.761,-1.0540000000000003
518,2012-10-14,1.425,2.503,-1.078
519,2012-10-15,1.214,2.27,-1.056
520,2012-10-16,1.073,2.0580000000000003,-0.9850000000000003
521,2012-10-17,0.968,1.8659999999999999,-0.8979999999999999
522,2012-10-18,0.897,1.692,-0.7949999999999999
523,2012-10-19,1.021,1.805,-0.784
524,2012-10-20,0.968,1.767,-0.7989999999999999
525,2012-10-21,0.95,1.66,-0.71
526,2012-10-22,1.056,1.63,-0.5739999999999998
527,2012-10-23,1.5130000000000001,1.734,-0.22099999999999986
528,2012-10-24,7.056,3.7260000000000004,3.3299999999999996
529,2012-10-25,3.22,8.219,-4.998999999999999
530,2012-10-26,2.71,3.9139999999999997,-1.2039999999999997
531,2012-10-27,3.6069999999999998,3.2969999999999997,0.31000000000000005
532,2012-10-28,2.763,2.877,-0.11399999999999988
533,2012-10-29,2.147,2.398,-0.25100000000000033
534,2012-10-30,1.76,2.1790000000000003,-0.41900000000000026
535,2012-10-31,1.5490000000000002,1.98,-0.4309999999999998
536,2012-01-11,2.2880000000000003,1.9280000000000002,0.3600000000000001
537,2012-02-11,7.6370000000000005,2.755,4.882000000000001
538,2012-03-11,4.487,4.077,0.41000000000000014
539,2012-04-11,2.552,3.755,-1.2029999999999998
540,2012-05-11,1.9,2.488,-0.5880000000000001
541,2012-06-11,1.6540000000000001,2.248,-0.5940000000000001
542,2012-07-11,1.8119999999999998,2.853,-1.0410000000000004
543,2012-08-11,1.619,2.658,-1.039
544,2012-09-11,1.3730000000000002,2.252,-0.8789999999999996
545,2012-10-11,1.76,2.345,-0.5850000000000002
546,2012-11-11,2.34,2.813,-0.4730000000000003
547,2012-12-11,2.9560000000000004,2.983,-0.02699999999999969
548,2012-11-13,2.411,2.678,-0.2669999999999999
549,2012-11-14,2.552,2.73,-0.17799999999999994
550,2012-11-15,5.033,3.415,1.6180000000000003
551,2012-11-16,3.59,3.4610000000000003,0.12899999999999956
552,2012-11-17,2.516,2.891,-0.375
553,2012-11-18,2.059,2.653,-0.5939999999999999
554,2012-11-19,1.7069999999999999,2.574,-0.867
555,2012-11-20,1.619,2.6210000000000004,-1.0020000000000004
556,2012-11-21,1.636,2.508,-0.8720000000000001
557,2012-11-22,2.112,2.478,-0.3660000000000001
558,2012-11-23,1.83,2.387,-0.5569999999999999
559,2012-11-24,1.672,2.178,-0.506
560,2012-11-25,1.3730000000000002,1.982,-0.6089999999999998
561,2012-11-26,1.4080000000000001,1.804,-0.3959999999999999
562,2012-11-27,1.443,1.642,-0.19899999999999984
563,2012-11-28,1.4780000000000002,1.495,-0.016999999999999904
564,2012-11-29,2.094,1.3619999999999999,0.732
565,2012-11-30,3.3080000000000003,1.239,2.069
566,2012-01-12,3.8539999999999996,1.128,2.726
567,2012-02-12,4.505,1.0270000000000001,3.4779999999999998
568,2012-03-12,5.172999999999999,0.934,4.238999999999999
569,2012-04-12,5.103,0.85,4.253
570,2012-05-12,4.012,0.774,3.2379999999999995
571,2012-06-12,3.3960000000000004,0.705,2.6910000000000003
572,2012-07-12,2.727,0.6409999999999999,2.086
573,2012-08-12,2.112,0.584,1.528
574,2012-09-12,1.672,0.531,1.141
575,2012-10-12,1.4780000000000002,0.484,0.9940000000000002
576,2012-11-12,0.985,0.442,0.5429999999999999
577,2012-12-12,0.633,0.406,0.22699999999999998
578,2012-12-13,0.7040000000000001,0.37200000000000005,0.332
579,2012-12-14,0.968,0.33799999999999997,0.63
580,2012-12-15,1.038,0.308,0.73
581,2012-12-16,0.633,0.28,0.353
582,2012-12-17,0.33399999999999996,0.457,-0.12300000000000005
583,2012-12-18,0.22899999999999998,0.5489999999999999,-0.31999999999999995
584,2012-12-19,0.21100000000000002,0.503,-0.292
585,2012-12-20,0.21100000000000002,0.479,-0.26799999999999996
586,2012-12-21,0.21100000000000002,0.475,-0.26399999999999996
587,2012-12-22,0.21100000000000002,0.45,-0.239
588,2012-12-23,0.21100000000000002,0.41,-0.19899999999999995
589,2012-12-24,0.21100000000000002,0.373,-0.16199999999999998
590,2012-12-25,0.19399999999999998,0.34,-0.14600000000000005
591,2012-12-26,0.19399999999999998,0.309,-0.11500000000000002
592,2012-12-27,0.19399999999999998,0.28300000000000003,-0.08900000000000005
593,2012-12-28,0.19399999999999998,0.276,-0.08200000000000005
594,2012-12-29,0.19399999999999998,0.273,-0.07900000000000004
595,2012-12-30,0.475,3.305,-2.83
596,2012-12-31,0.37,3.5269999999999997,-3.1569999999999996
597,2013-01-01,0.22899999999999998,1.854,-1.625
598,2013-02-01,0.21100000000000002,1.143,-0.9319999999999999
599,2013-03-01,2.727,2.005,0.722
600,2013-04-01,12.880999999999998,15.300999999999998,-2.42
601,2013-05-01,10.91,9.612,1.298
602,2013-06-01,11.437999999999999,15.025,-3.5870000000000015
603,2013-07-01,8.746,8.568,0.17800000000000082
604,2013-08-01,9.361,5.805,3.556000000000001
605,2013-09-01,7.32,6.513999999999999,0.8060000000000009
606,2013-10-01,2.376,4.1339999999999995,-1.7579999999999996
607,2013-11-01,1.003,2.648,-1.6450000000000002
608,2013-12-01,0.721,2.423,-1.702
609,2013-01-13,0.6859999999999999,2.209,-1.5230000000000001
610,2013-01-14,0.545,2.0140000000000002,-1.4690000000000003
611,2013-01-15,0.475,1.8359999999999999,-1.3609999999999998
612,2013-01-16,0.493,1.673,-1.1800000000000002
613,2013-01-17,0.475,1.526,-1.0510000000000002
614,2013-01-18,0.774,1.391,-0.617
615,2013-01-19,1.056,1.268,-0.21199999999999997
616,2013-01-20,0.669,1.158,-0.4889999999999999
617,2013-01-21,0.33399999999999996,1.0590000000000002,-0.7250000000000002
618,2013-01-22,0.33399999999999996,0.965,-0.631
619,2013-01-23,0.792,0.88,-0.08799999999999997
620,2013-01-24,1.2670000000000001,0.8029999999999999,0.4640000000000002
621,2013-01-25,1.5490000000000002,0.732,0.8170000000000002
622,2013-01-26,1.056,0.669,0.387
623,2013-01-27,0.581,0.611,-0.030000000000000027
624,2013-01-28,0.493,0.565,-0.07199999999999995
625,2013-01-29,0.44,0.53,-0.09000000000000002
626,2013-01-30,0.317,0.49200000000000005,-0.17500000000000004
627,2013-01-31,0.282,0.494,-0.21200000000000002
628,2013-01-02,0.24600000000000002,0.511,-0.265
629,2013-02-02,0.282,0.506,-0.22400000000000003
630,2013-03-02,0.282,0.49700000000000005,-0.21500000000000008
631,2013-04-02,0.282,0.46799999999999997,-0.186
632,2013-05-02,0.282,0.428,-0.14600000000000002
633,2013-06-02,0.264,0.39299999999999996,-0.12899999999999995
634,2013-07-02,0.264,0.36200000000000004,-0.09800000000000003
635,2013-08-02,0.24600000000000002,0.33,-0.08399999999999999
636,2013-09-02,0.22899999999999998,0.301,-0.07200000000000001
637,2013-10-02,0.22899999999999998,0.27399999999999997,-0.044999999999999984
638,2013-11-02,0.22899999999999998,0.25,-0.02100000000000002
639,2013-12-02,0.22899999999999998,0.228,0.0009999999999999731
640,2013-02-13,0.22899999999999998,0.20800000000000002,0.020999999999999963
641,2013-02-14,0.22899999999999998,0.19,0.03899999999999998
642,2013-02-15,0.22899999999999998,0.17300000000000001,0.055999999999999966
643,2013-02-16,0.22899999999999998,0.158,0.07099999999999998
644,2013-02-17,0.22899999999999998,0.145,0.08399999999999999
645,2013-02-18,0.22899999999999998,0.17600000000000002,0.052999999999999964
646,2013-02-19,0.21100000000000002,0.212,-0.0009999999999999731
647,2013-02-20,0.19399999999999998,0.2,-0.006000000000000033
648,2013-02-21,0.19399999999999998,0.182,0.011999999999999983
649,2013-02-22,0.19399999999999998,0.17800000000000002,0.01599999999999996
650,2013-02-23,0.19399999999999998,0.39899999999999997,-0.205
651,2013-02-24,0.19399999999999998,0.698,-0.504
652,2013-02-25,0.19399999999999998,0.975,-0.781
653,2013-02-26,0.19399999999999998,1.052,-0.8580000000000001
654,2013-02-27,1.6540000000000001,6.056,-4.402
655,2013-02-28,15.468,16.983,-1.5150000000000006
656,2013-01-03,14.869000000000002,11.594000000000001,3.2750000000000004
657,2013-02-03,17.491,11.677,5.814
658,2013-03-03,13.567,4.971,8.596
659,2013-04-03,15.45,8.436,7.013999999999999
660,2013-05-03,15.468,18.271,-2.803000000000001
661,2013-06-03,12.159,11.353,0.8060000000000009
662,2013-07-03,9.08,4.49,4.59
663,2013-08-03,9.642999999999999,2.773,6.869999999999999
664,2013-09-03,12.335,2.537,9.798000000000002
665,2013-10-03,17.122,2.313,14.809
666,2013-11-03,16.664,2.112,14.552000000000001
667,2013-12-03,14.077,1.94,12.137
668,2013-03-13,12.511,1.781,10.729999999999999
669,2013-03-14,10.54,1.6269999999999998,8.913
670,2013-03-15,8.605,1.485,7.12
671,2013-03-16,6.827999999999999,1.354,5.473999999999999
672,2013-03-17,4.47,1.235,3.2349999999999994
673,2013-03-18,2.094,1.126,0.968
674,2013-03-19,0.792,1.0270000000000001,-0.2350000000000001
675,2013-03-20,0.42200000000000004,0.937,-0.515
676,2013-03-21,0.33399999999999996,0.8540000000000001,-0.5200000000000001
677,2013-03-22,0.317,0.779,-0.462
678,2013-03-23,0.299,0.71,-0.411
679,2013-03-24,0.282,0.648,-0.36600000000000005
680,2013-03-25,0.282,0.5920000000000001,-0.3100000000000001
681,2013-03-26,0.282,0.5489999999999999,-0.26699999999999996
682,2013-03-27,0.282,0.509,-0.22700000000000004
683,2013-03-28,0.282,0.474,-0.192
684,2013-03-29,0.282,0.442,-0.16000000000000003
685,2013-03-30,0.282,0.40399999999999997,-0.122
686,2013-03-31,0.282,0.369,-0.08700000000000002
687,2013-01-04,0.264,0.345,-0.08099999999999996
688,2013-02-04,0.299,0.368,-0.069
689,2013-03-04,0.9329999999999999,0.547,0.3859999999999999
690,2013-04-04,10.558,1.986,8.572
691,2013-05-04,10.716,1.946,8.77
692,2013-06-04,6.968,1.15,5.818
693,2013-07-04,1.9180000000000001,1.051,0.8670000000000002
694,2013-08-04,0.44,0.961,-0.5209999999999999
695,2013-09-04,0.405,0.877,-0.472
696,2013-10-04,0.42200000000000004,0.8,-0.378
697,2013-11-04,0.44,0.7290000000000001,-0.2890000000000001
698,2013-12-04,0.475,0.675,-0.20000000000000007
699,2013-04-13,1.9,0.833,1.067
700,2013-04-14,12.247,1.1079999999999999,11.139
701,2013-04-15,26.43,11.917,14.513
702,2013-04-16,21.362,19.319000000000003,2.0429999999999957
703,2013-04-17,23.58,18.726,4.853999999999999
704,2013-04-18,18.283,14.27,4.013000000000002
705,2013-04-19,20.993000000000002,19.355999999999998,1.637000000000004
706,2013-04-20,8.464,9.868,-1.404
707,2013-04-21,7.602,7.371,0.23099999999999987
708,2013-04-22,8.446,10.655999999999999,-2.209999999999999
709,2013-04-23,9.256,8.35,0.9060000000000006
710,2013-04-24,9.414,7.952000000000001,1.4619999999999989
711,2013-04-25,8.077,6.983,1.0940000000000003
712,2013-04-26,6.9510000000000005,6.024,0.9270000000000005
713,2013-04-27,5.596,5.6,-0.0039999999999995595
714,2013-04-28,4.294,4.386,-0.09200000000000053
715,2013-04-29,3.9419999999999997,3.5189999999999997,0.42300000000000004
716,2013-04-30,3.572,3.4819999999999998,0.0900000000000003
717,2013-01-05,3.15,3.4360000000000004,-0.2860000000000005
718,2013-02-05,2.8510000000000004,3.361,-0.5099999999999998
719,2013-03-05,2.411,3.233,-0.8220000000000001
720,2013-04-05,2.252,3.033,-0.7810000000000001
721,2013-05-05,2.798,2.99,-0.19200000000000017
722,2013-06-05,3.889,2.9760000000000004,0.9129999999999994
723,2013-07-05,4.646,2.989,1.657
724,2013-08-05,4.188,2.912,1.2759999999999998
725,2013-09-05,4.505,2.81,1.6949999999999998
726,2013-10-05,4.2410000000000005,2.7060000000000004,1.5350000000000001
727,2013-11-05,3.7310000000000003,2.562,1.1690000000000005
728,2013-12-05,3.449,2.398,1.0509999999999997
729,2013-05-13,3.15,2.239,0.911
730,2013-05-14,2.5869999999999997,2.073,0.5139999999999998
731,2013-05-15,2.129,1.8940000000000001,0.23499999999999988
732,2013-05-16,1.848,1.7269999999999999,0.12100000000000022
733,2013-05-17,1.689,1.5759999999999998,0.11300000000000021
734,2013-05-18,1.5130000000000001,1.4269999999999998,0.0860000000000003
735,2013-05-19,1.3730000000000002,1.2819999999999998,0.09100000000000041
736,2013-05-20,1.214,1.148,0.06600000000000006
737,2013-05-21,1.109,1.03,0.07899999999999996
738,2013-05-22,2.217,2.42,-0.20299999999999985
739,2013-05-23,2.358,3.37,-1.012
740,2013-05-24,1.8119999999999998,2.062,-0.25
741,2013-05-25,1.5490000000000002,1.577,-0.027999999999999803
742,2013-05-26,1.285,1.4769999999999999,-0.19199999999999995
743,2013-05-27,1.073,1.321,-0.248
744,2013-05-28,0.897,1.179,-0.28200000000000003
745,2013-05-29,0.757,1.05,-0.29300000000000004
746,2013-05-30,0.633,0.934,-0.30100000000000005
747,2013-05-31,0.633,0.846,-0.21299999999999997
748,2013-01-06,0.616,0.768,-0.15200000000000002
749,2013-02-06,0.6859999999999999,0.8140000000000001,-0.1280000000000001
750,2013-03-06,4.681,6.683,-2.002
751,2013-04-06,2.6919999999999997,3.8960000000000004,-1.2040000000000006
752,2013-05-06,1.865,1.756,0.10899999999999999
753,2013-06-06,1.4080000000000001,1.3969999999999998,0.011000000000000343
754,2013-07-06,1.091,1.264,-0.17300000000000004
755,2013-08-06,1.021,5.82,-4.799
756,2013-09-06,7.303,11.75,-4.447
757,2013-10-06,3.748,4.548,-0.7999999999999998
758,2013-11-06,2.5869999999999997,2.908,-0.3210000000000002
759,2013-12-06,1.883,1.979,-0.09600000000000009
760,2013-06-13,1.4080000000000001,1.781,-0.3729999999999998
761,2013-06-14,2.4459999999999997,2.315,0.13099999999999978
762,2013-06-15,4.8389999999999995,3.7239999999999998,1.1149999999999998
763,2013-06-16,4.505,3.76,0.7450000000000001
764,2013-06-17,4.962,4.005,0.9569999999999999
765,2013-06-18,3.3960000000000004,3.995,-0.5989999999999998
766,2013-06-19,2.235,2.612,-0.3770000000000002
767,2013-06-20,1.9709999999999999,2.639,-0.6679999999999999
768,2013-06-21,1.6540000000000001,2.4459999999999997,-0.7919999999999996
769,2013-06-22,2.358,2.5639999999999996,-0.20599999999999952
770,2013-06-23,2.164,2.596,-0.43199999999999994
771,2013-06-24,1.496,2.416,-0.9199999999999999
772,2013-06-25,1.1440000000000001,2.184,-1.04
773,2013-06-26,0.9329999999999999,1.955,-1.0220000000000002
774,2013-06-27,0.809,1.77,-0.961
775,2013-06-28,0.88,1.73,-0.85
776,2013-06-29,0.845,1.645,-0.8
777,2013-06-30,0.774,1.604,-0.8300000000000001
778,2013-01-07,0.6509999999999999,1.5330000000000001,-0.8820000000000002
779,2013-02-07,0.563,1.4040000000000001,-0.8410000000000002
780,2013-03-07,0.528,1.294,-0.766
781,2013-04-07,0.475,1.151,-0.676
782,2013-05-07,0.51,1.058,-0.548
783,2013-06-07,0.7040000000000001,1.2990000000000002,-0.5950000000000001
784,2013-07-07,0.563,1.251,-0.688
785,2013-08-07,0.493,1.125,-0.632
786,2013-09-07,0.475,1.035,-0.5599999999999999
787,2013-10-07,0.493,0.9940000000000001,-0.5010000000000001
788,2013-11-07,0.45799999999999996,0.9420000000000001,-0.4840000000000001
789,2013-12-07,0.44,0.846,-0.40599999999999997
790,2013-07-13,0.528,0.7440000000000001,-0.21600000000000008
791,2013-07-14,0.8270000000000001,0.8140000000000001,0.013000000000000012
792,2013-07-15,3.009,1.033,1.976
793,2013-07-16,2.34,1.168,1.172
794,2013-07-17,2.164,1.247,0.917
795,2013-07-18,4.751,1.42,3.3310000000000004
796,2013-07-19,4.8389999999999995,1.891,2.9479999999999995
797,2013-07-20,3.0439999999999996,1.8330000000000002,1.2109999999999994
798,2013-07-21,2.2,1.663,0.5370000000000001
799,2013-07-22,1.601,1.4909999999999999,0.1100000000000001
800,2013-07-23,1.179,1.335,-0.15599999999999992
801,2013-07-24,0.915,1.1840000000000002,-0.26900000000000013
802,2013-07-25,0.7390000000000001,1.047,-0.30799999999999983
803,2013-07-26,0.633,0.924,-0.29100000000000004
804,2013-07-27,0.563,0.8140000000000001,-0.2510000000000001
805,2013-07-28,0.528,0.821,-0.2929999999999999
806,2013-07-29,0.475,0.82,-0.345
807,2013-07-30,1.214,0.735,0.479
808,2013-07-31,7.5489999999999995,1.492,6.0569999999999995
809,2013-01-08,6.81,9.076,-2.266000000000001
810,2013-02-08,2.552,3.417,-0.8649999999999998
811,2013-03-08,1.619,1.474,0.14500000000000002
812,2013-04-08,1.2670000000000001,1.433,-0.16599999999999993
813,2013-05-08,1.003,1.367,-0.3640000000000001
814,2013-06-08,0.8270000000000001,1.218,-0.3909999999999999
815,2013-07-08,0.774,1.193,-0.41900000000000004
816,2013-08-08,0.669,1.149,-0.48
817,2013-09-08,0.7040000000000001,1.093,-0.3889999999999999
818,2013-10-08,0.6859999999999999,1.14,-0.45399999999999996
819,2013-11-08,0.6509999999999999,1.122,-0.4710000000000002
820,2013-12-08,1.865,1.067,0.798
821,2013-08-13,2.675,2.221,0.45399999999999974
822,2013-08-14,1.584,2.2840000000000003,-0.7000000000000002
823,2013-08-15,1.161,1.521,-0.3599999999999999
824,2013-08-16,0.9329999999999999,1.423,-0.4900000000000001
825,2013-08-17,0.985,1.48,-0.495
826,2013-08-18,0.915,1.489,-0.5740000000000001
827,2013-08-19,0.809,1.489,-0.68
828,2013-08-20,0.845,1.5090000000000001,-0.6640000000000001
829,2013-08-21,1.5659999999999998,1.506,0.05999999999999983
830,2013-08-22,2.27,2.023,0.2469999999999999
831,2013-08-23,1.601,1.8230000000000002,-0.2220000000000002
832,2013-08-24,1.1440000000000001,1.5830000000000002,-0.43900000000000006
833,2013-08-25,0.915,1.415,-0.5
834,2013-08-26,0.757,1.264,-0.507
835,2013-08-27,0.6509999999999999,1.127,-0.4760000000000001
836,2013-08-28,0.616,1.051,-0.43499999999999994
837,2013-08-29,0.616,1.073,-0.45699999999999996
838,2013-08-30,0.563,1.087,-0.524
839,2013-08-31,0.721,1.024,-0.30300000000000005
840,2013-01-09,0.9329999999999999,1.723,-0.7900000000000001
841,2013-02-09,0.6859999999999999,1.544,-0.8580000000000001
842,2013-03-09,0.616,1.265,-0.6489999999999999
843,2013-04-09,0.581,1.171,-0.5900000000000001
844,2013-05-09,0.528,1.051,-0.5229999999999999
845,2013-06-09,0.475,0.938,-0.46299999999999997
846,2013-07-09,0.44,0.8370000000000001,-0.3970000000000001
847,2013-08-09,0.42200000000000004,0.746,-0.32399999999999995
848,2013-09-09,0.405,0.664,-0.259
849,2013-10-09,0.387,0.591,-0.20399999999999996
850,2013-11-09,0.37,0.529,-0.15900000000000003
851,2013-12-09,0.35200000000000004,0.474,-0.12199999999999994
852,2013-09-13,0.35200000000000004,0.42100000000000004,-0.069
853,2013-09-14,0.33399999999999996,0.374,-0.040000000000000036
854,2013-09-15,0.33399999999999996,0.382,-0.04800000000000004
855,2013-09-16,0.317,0.397,-0.08000000000000002
856,2013-09-17,0.299,0.359,-0.06
857,2013-09-18,0.282,0.319,-0.03700000000000003
858,2013-09-19,0.282,0.28300000000000003,-0.0010000000000000564
859,2013-09-20,0.282,0.25,0.03199999999999997
860,2013-09-21,0.282,0.221,0.06099999999999997
861,2013-09-22,0.37,0.3,0.07
862,2013-09-23,1.9180000000000001,1.3219999999999998,0.5960000000000003
863,2013-09-24,2.076,2.009,0.06700000000000017
864,2013-09-25,2.27,1.444,0.8260000000000001
865,2013-09-26,1.197,1.17,0.027000000000000135
866,2013-09-27,0.897,1.052,-0.15500000000000003
867,2013-09-28,0.985,1.093,-0.10799999999999998
868,2013-09-29,0.8270000000000001,1.089,-0.2619999999999999
869,2013-09-30,0.6859999999999999,1.018,-0.3320000000000001
870,2013-01-10,0.616,0.956,-0.33999999999999997
871,2013-02-10,0.563,0.858,-0.29500000000000004
872,2013-03-10,0.51,0.767,-0.257
873,2013-04-10,0.493,0.6859999999999999,-0.19299999999999995
874,2013-05-10,0.45799999999999996,0.736,-0.278
875,2013-06-10,0.563,0.878,-0.31500000000000006
876,2013-07-10,4.329,2.306,2.0229999999999997
877,2013-08-10,3.502,3.705,-0.2030000000000003
878,2013-09-10,7.162000000000001,6.051,1.1110000000000007
879,2013-10-10,2.9560000000000004,3.645,-0.6889999999999996
880,2013-11-10,1.883,2.102,-0.21899999999999986
881,2013-12-10,1.443,2.0669999999999997,-0.6239999999999997
882,2013-10-13,1.249,2.081,-0.8319999999999999
883,2013-10-14,1.091,1.96,-0.869
884,2013-10-15,1.073,1.8719999999999999,-0.7989999999999999
885,2013-10-16,1.126,1.7919999999999998,-0.6659999999999999
886,2013-10-17,1.073,1.68,-0.607
887,2013-10-18,1.214,1.615,-0.401
888,2013-10-19,2.323,2.412,-0.08899999999999997
889,2013-10-20,1.636,2.185,-0.5490000000000002
890,2013-10-21,1.214,1.77,-0.556
891,2013-10-22,1.038,1.723,-0.685
892,2013-10-23,2.006,1.913,0.09299999999999975
893,2013-10-24,1.848,1.8659999999999999,-0.017999999999999794
894,2013-10-25,3.255,2.424,0.831
895,2013-10-26,2.499,2.238,0.2610000000000001
896,2013-10-27,2.657,2.0709999999999997,0.5860000000000003
897,2013-10-28,3.273,2.6210000000000004,0.6519999999999997
898,2013-10-29,2.4459999999999997,2.4659999999999997,-0.020000000000000018
899,2013-10-30,2.464,2.306,0.15799999999999992
900,2013-10-31,2.798,2.326,0.472
901,2013-01-11,2.164,2.338,-0.17399999999999993
902,2013-02-11,1.689,2.239,-0.5499999999999998
903,2013-03-11,1.4080000000000001,2.055,-0.647
904,2013-04-11,1.232,1.8619999999999999,-0.6299999999999999
905,2013-05-11,1.091,1.6880000000000002,-0.5970000000000002
906,2013-06-11,0.985,1.554,-0.5690000000000001
907,2013-07-11,0.897,1.4340000000000002,-0.5370000000000001
908,2013-08-11,0.792,1.304,-0.512
909,2013-09-11,0.7040000000000001,1.192,-0.4879999999999999
910,2013-10-11,0.6509999999999999,1.097,-0.44600000000000006
911,2013-11-11,0.633,1.158,-0.5249999999999999
912,2013-12-11,0.669,1.4180000000000001,-0.7490000000000001
913,2013-11-13,2.516,1.7830000000000001,0.7329999999999999
914,2013-11-14,2.358,2.158,0.20000000000000018
915,2013-11-15,17.016,1.995,15.020999999999997
916,2013-11-16,45.312,37.575,7.736999999999995
917,2013-11-17,8.095,7.851,0.24400000000000066
918,2013-11-18,4.927,3.054,1.8729999999999998
919,2013-11-19,3.4139999999999997,2.4619999999999997,0.952
920,2013-11-20,2.464,2.307,0.15700000000000003
921,2013-11-21,2.481,2.106,0.375
922,2013-11-22,3.4139999999999997,1.9169999999999998,1.4969999999999999
923,2013-11-23,2.428,1.9580000000000002,0.46999999999999975
924,2013-11-24,2.006,2.041,-0.03500000000000014
925,2013-11-25,1.636,2.1069999999999998,-0.47099999999999986
926,2013-11-26,1.9880000000000002,2.0780000000000003,-0.09000000000000008
927,2013-11-27,26.131,16.115,10.016000000000002
928,2013-11-28,18.019000000000002,19.651,-1.631999999999998
929,2013-11-29,8.059,13.113,-5.054
930,2013-11-30,5.314,4.966,0.34799999999999986
931,2013-01-12,12.247,6.742999999999999,5.5040000000000004
932,2013-02-12,5.684,5.336,0.34799999999999986
933,2013-03-12,6.898,6.644,0.25399999999999956
934,2013-04-12,4.47,5.397,-0.9270000000000005
935,2013-05-12,3.3789999999999996,3.64,-0.26100000000000056
936,2013-06-12,2.745,3.0469999999999997,-0.3019999999999996
937,2013-07-12,2.376,2.7889999999999997,-0.4129999999999998
938,2013-08-12,2.006,2.555,-0.5490000000000004
939,2013-09-12,2.552,2.335,0.21700000000000008
940,2013-10-12,4.399,2.149,2.25
941,2013-11-12,5.8420000000000005,2.0709999999999997,3.771000000000001
942,2013-12-12,14.482000000000001,10.453,4.029000000000002
943,2013-12-13,11.244000000000002,16.447,-5.202999999999998
944,2013-12-14,4.593,4.671,-0.07800000000000029
945,2013-12-15,3.343,3.016,0.32699999999999996
946,2013-12-16,2.657,3.9760000000000004,-1.3190000000000004
947,2013-12-17,2.622,10.006,-7.384
948,2013-12-18,2.552,7.641,-5.089
949,2013-12-19,2.112,5.566,-3.4539999999999997
950,2013-12-20,1.936,7.6,-5.664
951,2013-12-21,1.8119999999999998,4.966,-3.1540000000000004
952,2013-12-22,1.601,3.8339999999999996,-2.2329999999999997
953,2013-12-23,1.795,4.106,-2.311
954,2013-12-24,1.6540000000000001,3.5260000000000002,-1.872
955,2013-12-25,2.059,4.6930000000000005,-2.6340000000000003
956,2013-12-26,1.936,5.041,-3.1050000000000004
957,2013-12-27,1.795,3.677,-1.8820000000000001
958,2013-12-28,1.9180000000000001,3.3139999999999996,-1.3959999999999995
959,2013-12-29,2.8680000000000003,3.109,-0.24099999999999966
960,2013-12-30,3.818,3.8139999999999996,0.004000000000000448
961,2013-12-31,2.464,3.5180000000000002,-1.0540000000000003
962,2014-01-01,2.2880000000000003,3.135,-0.8469999999999995
963,2014-02-01,1.795,2.997,-1.202
964,2014-03-01,1.531,2.758,-1.227
965,2014-04-01,1.4080000000000001,2.535,-1.127
966,2014-05-01,1.232,2.327,-1.095
967,2014-06-01,1.126,2.133,-1.0070000000000001
968,2014-07-01,1.038,1.955,-0.917
969,2014-08-01,0.95,1.7890000000000001,-0.8390000000000002
970,2014-09-01,0.897,1.6340000000000001,-0.7370000000000001
971,2014-10-01,0.7040000000000001,1.4909999999999999,-0.7869999999999998
972,2014-11-01,0.968,1.3619999999999999,-0.3939999999999999
973,2014-12-01,1.9180000000000001,1.244,0.6740000000000002
974,2014-01-13,3.0269999999999997,1.1340000000000001,1.8929999999999996
975,2014-01-14,3.818,1.033,2.785
976,2014-01-15,3.678,0.9420000000000001,2.7359999999999998
977,2014-01-16,3.22,0.858,2.362
978,2014-01-17,2.552,0.782,1.77
979,2014-01-18,1.9880000000000002,0.713,1.2750000000000004
980,2014-01-19,1.777,0.65,1.1269999999999998
981,2014-01-20,1.496,0.5920000000000001,0.9039999999999999
982,2014-01-21,1.109,0.54,0.569
983,2014-01-22,1.214,0.49200000000000005,0.722
984,2014-01-23,0.968,0.449,0.5189999999999999
985,2014-01-24,0.616,0.409,0.20700000000000002
986,2014-01-25,0.51,0.373,0.137
987,2014-01-26,0.792,0.34,0.452
988,2014-01-27,0.616,0.31,0.306
989,2014-01-28,0.387,0.282,0.10500000000000004
990,2014-01-29,0.33399999999999996,0.257,0.07699999999999996
991,2014-01-30,0.299,0.23399999999999999,0.065
992,2014-01-31,0.44,0.214,0.226
993,2014-01-02,0.6509999999999999,0.195,0.4559999999999999
994,2014-02-02,0.528,0.17800000000000002,0.35
995,2014-03-02,0.35200000000000004,0.353,-0.0009999999999999454
996,2014-04-02,0.264,0.45299999999999996,-0.18899999999999995
997,2014-05-02,0.24600000000000002,0.41700000000000004,-0.171
998,2014-06-02,0.22899999999999998,0.38,-0.15100000000000002
999,2014-07-02,0.22899999999999998,0.34600000000000003,-0.11700000000000005
1000,2014-08-02,0.22899999999999998,0.315,-0.08600000000000002
1001,2014-09-02,0.22899999999999998,0.287,-0.057999999999999996
1002,2014-10-02,0.24600000000000002,0.261,-0.014999999999999986
1003,2014-11-02,0.22899999999999998,0.23800000000000002,-0.009000000000000036
1004,2014-12-02,0.22899999999999998,0.21600000000000003,0.012999999999999956
1005,2014-02-13,0.21100000000000002,0.19699999999999998,0.01400000000000004
1006,2014-02-14,0.22899999999999998,0.179,0.04999999999999999
1007,2014-02-15,0.21100000000000002,0.162,0.049000000000000016
1008,2014-02-16,0.22899999999999998,0.147,0.08199999999999999
1009,2014-02-17,2.217,0.134,2.083
1010,2014-02-18,0.897,1.59,-0.6930000000000001
1011,2014-02-19,0.33399999999999996,2.339,-2.005
1012,2014-02-20,0.24600000000000002,1.122,-0.8760000000000001
1013,2014-02-21,0.22899999999999998,0.884,-0.655
1014,2014-02-22,0.22899999999999998,0.8140000000000001,-0.5850000000000001
1015,2014-02-23,0.24600000000000002,0.797,-0.551
1016,2014-02-24,0.42200000000000004,0.7959999999999999,-0.3739999999999999
1017,2014-02-25,0.51,0.759,-0.249
1018,2014-02-26,0.405,0.7040000000000001,-0.29900000000000004
1019,2014-02-27,0.37,0.6409999999999999,-0.2709999999999999
1020,2014-02-28,0.317,0.5820000000000001,-0.26500000000000007
1021,2014-01-03,0.299,0.529,-0.23000000000000004
1022,2014-02-03,0.282,0.48,-0.198
1023,2014-03-03,0.24600000000000002,0.436,-0.18999999999999997
1024,2014-04-03,0.22899999999999998,0.395,-0.16600000000000004
1025,2014-05-03,0.22899999999999998,0.358,-0.129
1026,2014-06-03,0.264,0.342,-0.07800000000000001
1027,2014-07-03,0.35200000000000004,0.32899999999999996,0.023000000000000076
1028,2014-08-03,2.059,1.217,0.8420000000000001
1029,2014-09-03,2.991,1.9,1.0910000000000002
1030,2014-10-03,3.0439999999999996,2.064,0.9799999999999995
1031,2014-11-03,4.065,3.0269999999999997,1.0380000000000007
1032,2014-12-03,3.3080000000000003,3.5060000000000002,-0.19799999999999995
1033,2014-03-13,2.323,3.0269999999999997,-0.7039999999999997
1034,2014-03-14,2.5869999999999997,2.134,0.45299999999999985
1035,2014-03-15,2.129,2.292,-0.1629999999999998
1036,2014-03-16,1.3730000000000002,2.1590000000000003,-0.786
1037,2014-03-17,1.073,2.069,-0.996
1038,2014-03-18,1.003,1.9669999999999999,-0.964
1039,2014-03-19,1.531,1.8,-0.26900000000000013
1040,2014-03-20,1.161,1.643,-0.482
1041,2014-03-21,1.636,4.62,-2.984
1042,2014-03-22,1.9,6.312,-4.412000000000001
1043,2014-03-23,3.238,9.622,-6.384
1044,2014-03-24,2.991,9.174,-6.183
1045,2014-03-25,2.358,4.144,-1.786
1046,2014-03-26,1.865,2.597,-0.732
1047,2014-03-27,1.601,2.793,-1.1920000000000002
1048,2014-03-28,1.5490000000000002,2.8569999999999998,-1.3079999999999996
1049,2014-03-29,2.006,3.2560000000000002,-1.2500000000000004
1050,2014-03-30,2.323,3.162,-0.839
1051,2014-03-31,2.9210000000000003,2.9589999999999996,-0.03799999999999937
1052,2014-01-04,2.657,2.9189999999999996,-0.26199999999999957
1053,2014-02-04,1.936,2.75,-0.8140000000000001
1054,2014-03-04,1.619,2.525,-0.9059999999999999
1055,2014-04-04,1.7069999999999999,2.318,-0.6110000000000002
1056,2014-05-04,1.672,2.112,-0.44000000000000017
1057,2014-06-04,1.936,1.944,-0.008000000000000007
1058,2014-07-04,3.748,1.83,1.9180000000000001
1059,2014-08-04,3.713,1.92,1.7930000000000001
1060,2014-09-04,3.3080000000000003,1.9080000000000001,1.4000000000000001
1061,2014-10-04,2.552,1.756,0.796
1062,2014-11-04,2.8510000000000004,1.767,1.0840000000000005
1063,2014-12-04,3.343,1.935,1.408
1064,2014-04-13,5.577999999999999,2.1,3.4779999999999993
1065,2014-04-14,12.388,6.454,5.934
1066,2014-04-15,8.992,12.953,-3.9609999999999985
1067,2014-04-16,5.015,4.683,0.33199999999999985
1068,2014-04-17,3.9419999999999997,2.69,1.2519999999999998
1069,2014-04-18,3.625,2.418,1.2069999999999999
1070,2014-04-19,2.798,2.262,0.536
1071,2014-04-20,2.569,2.182,0.387
1072,2014-04-21,2.252,2.048,0.20399999999999974
1073,2014-04-22,1.883,1.857,0.026000000000000023
1074,2014-04-23,1.584,1.681,-0.09699999999999998
1075,2014-04-24,1.3730000000000002,1.5190000000000001,-0.1459999999999999
1076,2014-04-25,1.214,1.3719999999999999,-0.15799999999999992
1077,2014-04-26,1.091,1.238,-0.14700000000000002
1078,2014-04-27,0.985,1.1159999999999999,-0.1309999999999999
1079,2014-04-28,0.9329999999999999,1.0070000000000001,-0.07400000000000018
1080,2014-04-29,1.109,1.5230000000000001,-0.41400000000000015
1081,2014-04-30,1.161,2.349,-1.1880000000000002
1082,2014-01-05,1.32,2.353,-1.0330000000000001
1083,2014-02-05,1.5659999999999998,2.391,-0.8250000000000002
1084,2014-03-05,2.235,2.2969999999999997,-0.06199999999999983
1085,2014-04-05,2.094,2.166,-0.07200000000000006
1086,2014-05-05,1.6540000000000001,2.079,-0.42500000000000004
1087,2014-06-05,1.285,1.875,-0.5900000000000001
1088,2014-07-05,1.056,1.69,-0.6339999999999999
1089,2014-08-05,0.897,1.5219999999999998,-0.6249999999999998
1090,2014-09-05,0.792,1.368,-0.5760000000000001
1091,2014-10-05,0.7040000000000001,1.227,-0.523
1092,2014-11-05,0.669,1.1,-0.43100000000000005
1093,2014-12-05,0.616,0.986,-0.37
1094,2014-05-13,0.563,1.089,-0.526
1095,2014-05-14,0.528,1.115,-0.587
1096,2014-05-15,0.563,0.996,-0.43300000000000005
1097,2014-05-16,1.5490000000000002,2.105,-0.5559999999999998
1098,2014-05-17,1.3730000000000002,2.117,-0.7439999999999998
1099,2014-05-18,1.038,1.379,-0.34099999999999997
1100,2014-05-19,0.8270000000000001,1.2570000000000001,-0.43000000000000005
1101,2014-05-20,0.721,1.16,-0.43899999999999995
1102,2014-05-21,0.6509999999999999,1.072,-0.42100000000000015
1103,2014-05-22,0.581,0.9590000000000001,-0.3780000000000001
1104,2014-05-23,0.6509999999999999,0.9259999999999999,-0.275
1105,2014-05-24,0.95,1.82,-0.8700000000000001
1106,2014-05-25,0.897,1.9280000000000002,-1.0310000000000001
1107,2014-05-26,1.6540000000000001,1.518,0.13600000000000012
1108,2014-05-27,1.3019999999999998,1.47,-0.16800000000000015
1109,2014-05-28,0.897,1.315,-0.4179999999999999
1110,2014-05-29,0.669,1.171,-0.502
1111,2014-05-30,0.581,1.041,-0.45999999999999996
1112,2014-05-31,0.51,0.924,-0.41400000000000003
1113,2014-01-06,0.475,0.818,-0.34299999999999997
1114,2014-02-06,0.44,0.723,-0.283
1115,2014-03-06,0.396,0.638,-0.242
1116,2014-04-06,0.35200000000000004,0.561,-0.20900000000000002
1117,2014-05-06,0.33399999999999996,0.49200000000000005,-0.15800000000000008
1118,2014-06-06,0.317,0.473,-0.15599999999999997
1119,2014-07-06,0.299,0.45799999999999996,-0.15899999999999997
1120,2014-08-06,0.282,0.401,-0.11900000000000005
1121,2014-09-06,0.387,0.522,-0.135
1122,2014-10-06,0.44,0.688,-0.24799999999999994
1123,2014-11-06,0.45799999999999996,0.693,-0.235
1124,2014-12-06,1.214,1.165,0.04899999999999993
1125,2014-06-13,1.161,1.345,-0.18399999999999994
1126,2014-06-14,0.845,1.135,-0.29000000000000004
1127,2014-06-15,0.581,1.01,-0.42900000000000005
1128,2014-06-16,0.545,0.968,-0.42299999999999993
1129,2014-06-17,0.493,0.935,-0.44200000000000006
1130,2014-06-18,0.45799999999999996,0.836,-0.378
1131,2014-06-19,1.091,0.938,0.15300000000000002
1132,2014-06-20,1.337,1.058,0.2789999999999999
1133,2014-06-21,1.7069999999999999,1.026,0.6809999999999998
1134,2014-06-22,3.9589999999999996,1.4509999999999998,2.508
1135,2014-06-23,2.024,1.442,0.5820000000000001
1136,2014-06-24,1.3730000000000002,1.425,-0.051999999999999824
1137,2014-06-25,1.038,1.415,-0.377
1138,2014-06-26,0.809,1.354,-0.545
1139,2014-06-27,0.669,1.338,-0.669
1140,2014-06-28,0.563,1.265,-0.702
1141,2014-06-29,0.51,1.127,-0.617
1142,2014-06-30,0.545,1.032,-0.487
1143,2014-01-07,0.545,0.965,-0.41999999999999993
1144,2014-02-07,0.45799999999999996,0.877,-0.41900000000000004
1145,2014-03-07,0.45799999999999996,0.809,-0.3510000000000001
1146,2014-04-07,0.45799999999999996,0.815,-0.357
1147,2014-05-07,0.387,0.7829999999999999,-0.3959999999999999
1148,2014-06-07,0.37,0.6859999999999999,-0.31599999999999995
1149,2014-07-07,0.33399999999999996,0.6,-0.266
1150,2014-08-07,0.42200000000000004,0.534,-0.11199999999999999
1151,2014-09-07,0.44,0.486,-0.045999999999999985
1152,2014-10-07,0.37,0.433,-0.063
1153,2014-11-07,0.33399999999999996,0.376,-0.04200000000000004
1154,2014-12-07,0.317,0.325,-0.008000000000000007
1155,2014-07-13,0.299,0.27899999999999997,0.020000000000000018
1156,2014-07-14,0.282,0.239,0.04299999999999998
1157,2014-07-15,0.282,0.205,0.07699999999999999
1158,2014-07-16,0.299,0.175,0.124
1159,2014-07-17,0.282,0.14800000000000002,0.13399999999999995
1160,2014-07-18,0.317,0.134,0.183
1161,2014-07-19,0.37,0.135,0.235
1162,2014-07-20,0.317,0.126,0.191
1163,2014-07-21,0.282,0.105,0.177
1164,2014-07-22,0.264,0.086,0.17800000000000002
1165,2014-07-23,0.24600000000000002,0.07,0.17600000000000002
1166,2014-07-24,0.22899999999999998,0.055999999999999994,0.173
1167,2014-07-25,0.22899999999999998,0.043,0.186
1168,2014-07-26,0.24600000000000002,0.032,0.21400000000000002
1169,2014-07-27,0.22899999999999998,0.023,0.206
1170,2014-07-28,0.22899999999999998,0.039,0.18999999999999997
1171,2014-07-29,0.21100000000000002,0.059000000000000004,0.15200000000000002
1172,2014-07-30,0.22899999999999998,0.078,0.15099999999999997
1173,2014-07-31,0.22899999999999998,0.11,0.11899999999999998
1174,2014-01-08,0.317,0.207,0.11000000000000001
1175,2014-02-08,0.24600000000000002,0.26899999999999996,-0.022999999999999937
1176,2014-03-08,0.22899999999999998,0.245,-0.016000000000000014
1177,2014-04-08,0.24600000000000002,0.231,0.015000000000000013
1178,2014-05-08,0.299,0.264,0.034999999999999976
1179,2014-06-08,0.598,0.43799999999999994,0.16000000000000003
1180,2014-07-08,0.7390000000000001,0.598,0.14100000000000013
1181,2014-08-08,0.493,0.922,-0.42900000000000005
1182,2014-09-08,0.387,0.925,-0.538
1183,2014-10-08,0.317,0.828,-0.5109999999999999
1184,2014-11-08,0.282,0.731,-0.449
1185,2014-12-08,0.264,0.645,-0.381
1186,2014-08-13,0.35200000000000004,0.5710000000000001,-0.21900000000000003
1187,2014-08-14,1.091,0.63,0.46099999999999997
1188,2014-08-15,0.475,0.7290000000000001,-0.2540000000000001
1189,2014-08-16,0.37,0.731,-0.361
1190,2014-08-17,0.33399999999999996,0.662,-0.32800000000000007
1191,2014-08-18,0.581,0.6509999999999999,-0.06999999999999995
1192,2014-08-19,3.4139999999999997,2.186,1.2279999999999998
1193,2014-08-20,1.9709999999999999,2.52,-0.5490000000000002
1194,2014-08-21,8.851,10.066,-1.2149999999999999
1195,2014-08-22,4.61,4.25,0.3600000000000003
1196,2014-08-23,2.5340000000000003,2.025,0.5090000000000003
1197,2014-08-24,1.619,1.87,-0.2510000000000001
1198,2014-08-25,1.1440000000000001,1.801,-0.6569999999999998
1199,2014-08-26,0.88,1.619,-0.739
1200,2014-08-27,0.6859999999999999,1.47,-0.784
1201,2014-08-28,0.633,1.463,-0.8300000000000001
1202,2014-08-29,0.563,1.4069999999999998,-0.8439999999999999
1203,2014-08-30,0.475,1.262,-0.787
1204,2014-08-31,0.42200000000000004,1.129,-0.707
1205,2014-01-09,0.387,1.0090000000000001,-0.6220000000000001
1206,2014-02-09,0.37,0.934,-0.5640000000000001
1207,2014-03-09,0.405,1.026,-0.621
1208,2014-04-09,0.37,1.044,-0.674
1209,2014-05-09,0.33399999999999996,0.941,-0.607
1210,2014-06-09,0.317,0.84,-0.5229999999999999
1211,2014-07-09,0.317,0.7490000000000001,-0.4320000000000001
1212,2014-08-09,0.299,0.6679999999999999,-0.36899999999999994
1213,2014-09-09,0.282,0.595,-0.313
1214,2014-10-09,0.299,0.601,-0.302
1215,2014-11-09,0.282,0.612,-0.33
1216,2014-12-09,0.299,0.6829999999999999,-0.38399999999999995
1217,2014-09-13,0.299,0.72,-0.421
1218,2014-09-14,0.33399999999999996,0.667,-0.3330000000000001
1219,2014-09-15,0.299,0.606,-0.307
1220,2014-09-16,0.264,0.541,-0.277
1221,2014-09-17,0.264,0.483,-0.21899999999999997
1222,2014-09-18,0.24600000000000002,0.43,-0.18399999999999997
1223,2014-09-19,0.24600000000000002,0.382,-0.13599999999999998
1224,2014-09-20,0.24600000000000002,0.34,-0.094
1225,2014-09-21,0.264,0.332,-0.068
1226,2014-09-22,0.264,0.46799999999999997,-0.20399999999999996
1227,2014-09-23,0.264,0.604,-0.33999999999999997
1228,2014-09-24,0.299,0.726,-0.427
1229,2014-09-25,0.598,1.081,-0.483
1230,2014-09-26,1.232,1.1440000000000001,0.08799999999999986
1231,2014-09-27,12.793,8.19,4.603
1232,2014-09-28,13.074000000000002,19.055999999999997,-5.981999999999996
1233,2014-09-29,6.492999999999999,9.083,-2.5900000000000007
1234,2014-09-30,3.22,4.023,-0.8029999999999995
1235,2014-01-10,2.041,2.305,-0.26400000000000023
1236,2014-02-10,1.936,2.224,-0.28800000000000026
1237,2014-03-10,1.5490000000000002,2.144,-0.595
1238,2014-04-10,1.197,1.959,-0.762
1239,2014-05-10,0.9329999999999999,1.7819999999999998,-0.8489999999999999
1240,2014-06-10,0.809,1.614,-0.805
1241,2014-07-10,0.6859999999999999,1.4609999999999999,-0.7749999999999999
1242,2014-08-10,0.616,1.32,-0.7040000000000001
1243,2014-09-10,0.581,1.192,-0.611
1244,2014-10-10,0.616,1.295,-0.6789999999999999
1245,2014-11-10,0.581,1.436,-0.855
1246,2014-12-10,0.598,1.4780000000000002,-0.8800000000000002
1247,2014-10-13,0.581,1.454,-0.873
1248,2014-10-14,0.581,1.4269999999999998,-0.8459999999999999
1249,2014-10-15,0.563,1.4140000000000001,-0.8510000000000002
1250,2014-10-16,0.528,1.337,-0.8089999999999999
1251,2014-10-17,0.493,1.21,-0.717
1252,2014-10-18,0.45799999999999996,1.092,-0.6340000000000001
1253,2014-10-19,0.581,0.9990000000000001,-0.41800000000000015
1254,2014-10-20,0.6859999999999999,0.9329999999999999,-0.247
1255,2014-10-21,0.7040000000000001,0.946,-0.24199999999999988
1256,2014-10-22,0.6859999999999999,1.005,-0.31899999999999995
1257,2014-10-23,0.915,1.102,-0.18700000000000006
1258,2014-10-24,1.179,1.423,-0.244
1259,2014-10-25,1.126,1.383,-0.2570000000000001
1260,2014-10-26,0.968,1.262,-0.29400000000000004
1261,2014-10-27,1.8119999999999998,1.636,0.17599999999999993
1262,2014-10-28,1.7069999999999999,1.797,-0.09000000000000008
1263,2014-10-29,3.22,2.485,0.7350000000000003
1264,2014-10-30,5.033,4.063,0.9700000000000006
1265,2014-10-31,3.5189999999999997,4.513999999999999,-0.9949999999999997
1266,2014-01-11,2.2,3.18,-0.98
1267,2014-02-11,1.953,2.4859999999999998,-0.5329999999999997
1268,2014-03-11,1.795,2.407,-0.6120000000000001
1269,2014-04-11,1.8119999999999998,2.396,-0.5840000000000001
1270,2014-05-11,1.4780000000000002,2.318,-0.8399999999999999
1271,2014-06-11,1.1440000000000001,2.108,-0.964
1272,2014-07-11,0.95,1.911,-0.9610000000000001
1273,2014-08-11,0.845,1.733,-0.8880000000000001
1274,2014-09-11,0.774,1.571,-0.7969999999999999
1275,2014-10-11,0.95,1.568,-0.6180000000000001
1276,2014-11-11,0.897,1.5330000000000001,-0.6360000000000001
1277,2014-12-11,0.792,1.395,-0.603
1278,2014-11-13,0.7040000000000001,1.266,-0.5619999999999999
1279,2014-11-14,0.6509999999999999,1.148,-0.497
1280,2014-11-15,0.616,1.04,-0.42400000000000004
1281,2014-11-16,0.563,0.9420000000000001,-0.3790000000000001
1282,2014-11-17,0.51,0.8540000000000001,-0.3440000000000001
1283,2014-11-18,0.669,0.774,-0.10499999999999998
1284,2014-11-19,1.197,0.701,0.4960000000000001
1285,2014-11-20,1.425,0.635,0.79
1286,2014-11-21,0.563,0.575,-0.01200000000000001
1287,2014-11-22,1.161,0.521,0.64
1288,2014-11-23,1.038,0.47100000000000003,0.567
1289,2014-11-24,0.44,0.48700000000000004,-0.04700000000000004
1290,2014-11-25,0.6509999999999999,1.121,-0.4700000000000001
1291,2014-11-26,0.721,1.222,-0.501
1292,2014-11-27,0.581,1.0390000000000001,-0.4580000000000002
1293,2014-11-28,0.616,0.9440000000000001,-0.32800000000000007
1294,2014-11-29,1.056,0.857,0.19900000000000007
1295,2014-11-30,0.792,0.777,0.015000000000000013
1296,2014-01-12,0.493,0.706,-0.21299999999999997
1297,2014-02-12,0.44,0.68,-0.24000000000000005
1298,2014-03-12,3.502,0.87,2.6319999999999997
1299,2014-04-12,9.238,5.521,3.7169999999999996
1300,2014-05-12,2.8680000000000003,3.406,-0.5379999999999998
1301,2014-06-12,2.235,1.7269999999999999,0.508
1302,2014-07-12,1.742,1.7830000000000001,-0.04100000000000015
1303,2014-08-12,1.32,1.754,-0.43399999999999994
1304,2014-09-12,1.584,1.786,-0.20199999999999996
1305,2014-10-12,1.5490000000000002,1.7690000000000001,-0.21999999999999997
1306,2014-11-12,1.355,1.8119999999999998,-0.45699999999999985
1307,2014-12-12,1.091,1.7919999999999998,-0.7009999999999998
1308,2014-12-13,1.496,1.643,-0.14700000000000002
1309,2014-12-14,1.936,1.5019999999999998,0.43400000000000016
1310,2014-12-15,1.83,1.584,0.246
1311,2014-12-16,1.601,1.5930000000000002,0.007999999999999785
1312,2014-12-17,2.552,1.4609999999999999,1.0910000000000002
1313,2014-12-18,3.6430000000000002,1.328,2.3150000000000004
1314,2014-12-19,3.924,1.208,2.716
1315,2014-12-20,3.484,1.102,2.3819999999999997
1316,2014-12-21,3.167,1.163,2.0039999999999996
1317,2014-12-22,2.763,1.175,1.5879999999999999
1318,2014-12-23,2.041,1.081,0.96
1319,2014-12-24,1.883,0.993,0.89
1320,2014-12-25,3.0439999999999996,0.9059999999999999,2.138
1321,2014-12-26,2.6039999999999996,0.845,1.7589999999999997
1322,2014-12-27,1.443,0.7979999999999999,0.6450000000000001
1323,2014-12-28,0.845,0.733,0.11199999999999999
1324,2014-12-29,0.757,0.6779999999999999,0.07900000000000007
1325,2014-12-30,16.277,13.502,2.7750000000000004
1326,2014-12-31,86.85799999999999,33.374,53.48399999999999
1327,2015-01-01,12.898,14.258,-1.3599999999999994
1328,2015-02-01,8.024,11.834000000000001,-3.8100000000000023
1329,2015-03-01,5.507999999999999,8.113,-2.6050000000000004
1330,2015-04-01,3.502,3.718,-0.2160000000000002
1331,2015-05-01,2.6919999999999997,2.168,0.5239999999999996
1332,2015-06-01,2.745,1.9980000000000002,0.7469999999999999
1333,2015-07-01,2.798,2.963,-0.16500000000000004
1334,2015-08-01,3.097,4.579,-1.4819999999999998
1335,2015-09-01,2.516,4.736000000000001,-2.2200000000000006
1336,2015-10-01,2.9739999999999998,3.175,-0.20100000000000007
1337,2015-11-01,3.449,2.426,1.0229999999999997
1338,2015-12-01,5.789,2.2119999999999997,3.577
1339,2015-01-13,6.476,2.017,4.459
1340,2015-01-14,6.087999999999999,1.84,4.247999999999999
1341,2015-01-15,6.37,1.6769999999999998,4.6930000000000005
1342,2015-01-16,5.895,1.7309999999999999,4.164
1343,2015-01-17,5.42,1.913,3.5069999999999997
1344,2015-01-18,5.596,2.94,2.656
1345,2015-01-19,5.279,2.656,2.6229999999999998
1346,2015-01-20,6.229,2.1319999999999997,4.097
1347,2015-01-21,6.757000000000001,1.943,4.814
1348,2015-01-22,6.352,1.7719999999999998,4.58
1349,2015-01-23,7.039,1.615,5.4239999999999995
1350,2015-01-24,8.746,1.473,7.273000000000001
1351,2015-01-25,9.027000000000001,1.3459999999999999,7.681000000000001
1352,2015-01-26,7.531000000000001,1.425,6.106000000000001
1353,2015-01-27,5.93,1.58,4.35
1354,2015-01-28,9.995,13.738,-3.7430000000000003
1355,2015-01-29,9.133,8.008,1.125
1356,2015-01-30,3.695,4.567,-0.8720000000000003
1357,2015-01-31,1.9880000000000002,2.984,-0.9959999999999998
1358,2015-01-02,1.531,2.249,-0.7180000000000002
1359,2015-02-02,1.091,2.0540000000000003,-0.9630000000000003
1360,2015-03-02,0.862,1.8769999999999998,-1.0149999999999997
1361,2015-04-02,0.721,1.712,-0.991
1362,2015-05-02,0.669,1.5630000000000002,-0.8940000000000001
1363,2015-06-02,13.972000000000001,2.89,11.082
1364,2015-07-02,10.505,13.114,-2.609
1365,2015-08-02,12.634,4.244,8.39
1366,2015-09-02,66.78,52.169,14.611000000000004
1367,2015-10-02,33.821,21.865,11.956
1368,2015-11-02,20.605999999999998,13.078,7.527999999999999
1369,2015-12-02,9.467,8.767999999999999,0.6990000000000016
1370,2015-02-13,5.209,4.434,0.7749999999999995
1371,2015-02-14,3.431,2.847,0.5840000000000001
1372,2015-02-15,2.71,2.609,0.10099999999999998
1373,2015-02-16,2.428,2.419,0.008999999999999897
1374,2015-02-17,2.3930000000000002,2.338,0.05500000000000016
1375,2015-02-18,1.936,3.139,-1.2029999999999998
1376,2015-02-19,6.757000000000001,5.1739999999999995,1.583000000000001
1377,2015-02-20,7.672000000000001,10.04,-2.3679999999999986
1378,2015-02-21,3.555,4.641,-1.0859999999999999
1379,2015-02-22,2.5869999999999997,2.9330000000000003,-0.34600000000000053
1380,2015-02-23,2.076,2.699,-0.6229999999999998
1381,2015-02-24,1.672,2.685,-1.0130000000000001
1382,2015-02-25,1.4609999999999999,2.645,-1.1840000000000002
1383,2015-02-26,2.041,2.594,-0.5529999999999999
1384,2015-02-27,2.2880000000000003,3.302,-1.0139999999999998
1385,2015-02-28,1.724,3.072,-1.348
1386,2015-01-03,2.024,2.6519999999999997,-0.6279999999999997
1387,2015-02-03,2.112,2.512,-0.3999999999999999
1388,2015-03-03,1.724,2.353,-0.6290000000000002
1389,2015-04-03,1.32,2.147,-0.8269999999999997
1390,2015-05-03,1.161,2.037,-0.8759999999999999
1391,2015-06-03,2.71,2.002,0.7080000000000002
1392,2015-07-03,4.1530000000000005,2.0340000000000003,2.119
1393,2015-08-03,6.422999999999999,3.196,3.226999999999999
1394,2015-09-03,4.874,4.419,0.45500000000000007
1395,2015-10-03,3.977,3.58,0.3969999999999998
1396,2015-11-03,4.346,3.221,1.125
1397,2015-12-03,3.0439999999999996,2.883,0.1609999999999996
1398,2015-03-13,2.5340000000000003,2.535,-0.0009999999999998899
1399,2015-03-14,2.164,2.32,-0.1559999999999997
1400,2015-03-15,1.848,2.114,-0.2659999999999998
1401,2015-03-16,1.6540000000000001,1.926,-0.2719999999999998
1402,2015-03-17,1.76,1.76,0.0
1403,2015-03-18,1.8119999999999998,1.608,0.20399999999999974
1404,2015-03-19,2.2880000000000003,1.511,0.7770000000000004
1405,2015-03-20,2.516,1.59,0.9259999999999999
1406,2015-03-21,1.777,1.571,0.20599999999999996
1407,2015-03-22,2.34,1.433,0.9069999999999998
1408,2015-03-23,15.397,19.486,-4.089
1409,2015-03-24,7.267,8.183,-0.9159999999999995
1410,2015-03-25,3.766,3.41,0.35599999999999987
1411,2015-03-26,2.569,1.986,0.583
1412,2015-03-27,2.006,1.8159999999999998,0.18999999999999995
1413,2015-03-28,1.689,1.651,0.038000000000000034
1414,2015-03-29,1.584,1.5,0.08400000000000007
1415,2015-03-30,1.584,1.44,0.14400000000000013
1416,2015-03-31,1.3730000000000002,1.3769999999999998,-0.0039999999999995595
1417,2015-01-04,1.197,1.249,-0.052000000000000046
1418,2015-02-04,1.601,1.7990000000000002,-0.19800000000000018
1419,2015-03-04,2.112,2.444,-0.33199999999999985
1420,2015-04-04,1.777,2.068,-0.29100000000000015
1421,2015-05-04,1.4609999999999999,1.7719999999999998,-0.31099999999999994
1422,2015-06-04,2.235,2.313,-0.07800000000000029
1423,2015-07-04,8.533999999999999,3.3310000000000004,5.2029999999999985
1424,2015-08-04,6.704,4.246,2.4579999999999993
1425,2015-09-04,4.346,3.373,0.9729999999999999
1426,2015-10-04,4.311,2.7960000000000003,1.5149999999999997
1427,2015-11-04,3.9939999999999998,2.656,1.3379999999999996
1428,2015-12-04,6.229,5.0569999999999995,1.1720000000000006
1429,2015-04-13,5.86,5.49,0.3700000000000001
1430,2015-04-14,4.698,4.09,0.6080000000000005
1431,2015-04-15,7.25,4.5889999999999995,2.6610000000000005
1432,2015-04-16,18.389,9.788,8.600999999999999
1433,2015-04-17,8.71,9.913,-1.2029999999999994
1434,2015-04-18,5.895,5.33,0.5649999999999995
1435,2015-04-19,4.663,3.8280000000000003,0.835
1436,2015-04-20,3.66,3.214,0.4460000000000002
1437,2015-04-21,2.8680000000000003,2.915,-0.04699999999999971
1438,2015-04-22,7.232,2.695,4.537000000000001
1439,2015-04-23,14.815999999999999,12.981,1.834999999999999
1440,2015-04-24,5.437,5.7589999999999995,-0.3219999999999992
1441,2015-04-25,3.502,3.1430000000000002,0.35899999999999954
1442,2015-04-26,3.185,2.7119999999999997,0.4730000000000003
1443,2015-04-27,2.5869999999999997,2.474,0.11299999999999955
1444,2015-04-28,2.076,2.24,-0.16400000000000015
1445,2015-04-29,1.724,2.026,-0.3019999999999998
1446,2015-04-30,1.496,1.8419999999999999,-0.34599999999999986
1447,2015-01-05,1.5130000000000001,1.849,-0.33599999999999985
1448,2015-02-05,1.355,1.7919999999999998,-0.43699999999999983
1449,2015-03-05,1.197,1.625,-0.42799999999999994
1450,2015-04-05,1.109,1.5290000000000001,-0.42000000000000015
1451,2015-05-05,1.021,1.4380000000000002,-0.41700000000000026
1452,2015-06-05,1.073,1.298,-0.2250000000000001
1453,2015-07-05,1.126,1.208,-0.08200000000000007
1454,2015-08-05,1.5130000000000001,1.551,-0.03799999999999981
1455,2015-09-05,1.777,2.261,-0.4840000000000002
1456,2015-10-05,1.32,1.871,-0.5509999999999999
1457,2015-11-05,1.126,1.666,-0.54
1458,2015-12-05,1.056,1.604,-0.548
1459,2015-05-13,1.073,1.595,-0.522
1460,2015-05-14,1.038,1.568,-0.53
1461,2015-05-15,0.95,1.454,-0.504
1462,2015-05-16,0.845,1.306,-0.4610000000000001
1463,2015-05-17,1.179,1.379,-0.19999999999999996
1464,2015-05-18,1.3019999999999998,1.443,-0.14100000000000024
1465,2015-05-19,1.038,1.3780000000000001,-0.3400000000000001
1466,2015-05-20,0.915,1.255,-0.33999999999999986
1467,2015-05-21,1.425,2.117,-0.692
1468,2015-05-22,2.569,2.062,0.5070000000000001
1469,2015-05-23,6.124,4.581,1.5429999999999993
1470,2015-05-24,4.646,5.126,-0.4800000000000004
1471,2015-05-25,4.065,3.945,0.12000000000000055
1472,2015-05-26,3.9589999999999996,3.299,0.6599999999999997
1473,2015-05-27,2.745,2.739,0.006000000000000227
1474,2015-05-28,2.059,2.3369999999999997,-0.2779999999999996
1475,2015-05-29,2.499,2.144,0.355
1476,2015-05-30,3.537,2.563,0.9739999999999998
1477,2015-05-31,3.273,3.023,0.25
1478,2015-01-06,4.434,3.056,1.3780000000000001
1479,2015-02-06,5.156000000000001,3.5439999999999996,1.612000000000001
1480,2015-03-06,2.903,3.015,-0.1120000000000001
1481,2015-04-06,12.019,5.195,6.824
1482,2015-05-06,8.288,11.001,-2.712999999999999
1483,2015-06-06,7.619,4.968999999999999,2.6500000000000004
1484,2015-07-06,7.144,7.945,-0.8010000000000002
1485,2015-08-06,3.678,5.018,-1.3399999999999999
1486,2015-09-06,2.6039999999999996,3.055,-0.4510000000000005
1487,2015-10-06,4.698,3.513,1.1850000000000005
1488,2015-11-06,6.792000000000001,4.251,2.5410000000000004
1489,2015-12-06,8.552,8.568,-0.016000000000000014
1490,2015-06-13,4.558,5.504,-0.9459999999999997
1491,2015-06-14,2.9739999999999998,3.5380000000000003,-0.5640000000000005
1492,2015-06-15,5.561,4.092,1.4690000000000003
1493,2015-06-16,4.681,5.254,-0.5729999999999995
1494,2015-06-17,2.9210000000000003,4.393,-1.4719999999999995
1495,2015-06-18,2.2,3.22,-1.02
1496,2015-06-19,2.5869999999999997,3.088,-0.5010000000000003
1497,2015-06-20,1.777,2.865,-1.0880000000000003
1498,2015-06-21,1.39,2.569,-1.179
1499,2015-06-22,1.126,2.3,-1.174
1500,2015-06-23,1.003,2.0580000000000003,-1.0550000000000004
1501,2015-06-24,0.88,1.841,-0.961
1502,2015-06-25,0.985,1.8530000000000002,-0.8680000000000002
1503,2015-06-26,2.411,3.24,-0.8290000000000002
1504,2015-06-27,1.672,3.4730000000000003,-1.8010000000000004
1505,2015-06-28,1.197,2.204,-1.0070000000000001
1506,2015-06-29,1.091,1.9980000000000002,-0.9070000000000003
1507,2015-06-30,1.232,1.986,-0.754
1508,2015-01-07,1.5490000000000002,1.9180000000000001,-0.369
1509,2015-02-07,2.059,2.299,-0.23999999999999977
1510,2015-03-07,1.355,2.064,-0.7090000000000001
1511,2015-04-07,1.056,1.954,-0.8979999999999999
1512,2015-05-07,0.88,1.85,-0.9700000000000001
1513,2015-06-07,0.757,1.646,-0.8889999999999999
1514,2015-07-07,3.8360000000000003,3.705,0.13100000000000023
1515,2015-08-07,2.147,3.485,-1.338
1516,2015-09-07,1.5130000000000001,2.039,-0.526
1517,2015-10-07,2.411,2.8139999999999996,-0.4029999999999996
1518,2015-11-07,2.235,2.7560000000000002,-0.5210000000000004
1519,2015-12-07,1.584,2.178,-0.5939999999999999
1520,2015-07-13,1.179,1.9480000000000002,-0.7690000000000001
1521,2015-07-14,0.985,1.9340000000000002,-0.9490000000000002
1522,2015-07-15,0.862,1.859,-0.997
1523,2015-07-16,1.073,1.743,-0.6700000000000002
1524,2015-07-17,1.601,1.771,-0.16999999999999993
1525,2015-07-18,1.232,1.7269999999999999,-0.4949999999999999
1526,2015-07-19,1.249,1.719,-0.47
1527,2015-07-20,1.073,1.666,-0.593
1528,2015-07-21,0.915,1.5130000000000001,-0.5980000000000001
1529,2015-07-22,0.792,1.3459999999999999,-0.5539999999999998
1530,2015-07-23,0.897,1.291,-0.3939999999999999
1531,2015-07-24,1.003,1.268,-0.2650000000000001
1532,2015-07-25,1.073,1.202,-0.129
1533,2015-07-26,0.915,1.131,-0.21599999999999997
1534,2015-07-27,2.129,1.401,0.728
1535,2015-07-28,1.4780000000000002,1.355,0.12300000000000022
1536,2015-07-29,1.777,1.234,0.5429999999999999
1537,2015-07-30,1.83,1.133,0.6970000000000001
1538,2015-07-31,1.161,1.126,0.03500000000000014
1539,2015-01-08,0.95,1.11,-0.16000000000000014
1540,2015-02-08,0.757,1.022,-0.265
1541,2015-03-08,0.6509999999999999,0.92,-0.26900000000000013
1542,2015-04-08,0.598,0.8290000000000001,-0.2310000000000001
1543,2015-05-08,4.452,0.777,3.675
1544,2015-06-08,4.734,1.445,3.2889999999999997
1545,2015-07-08,1.9709999999999999,1.286,0.6849999999999998
1546,2015-08-08,1.4080000000000001,1.084,0.32400000000000007
1547,2015-09-08,1.126,1.026,0.09999999999999987
1548,2015-10-08,0.9329999999999999,0.9490000000000001,-0.016000000000000125
1549,2015-11-08,0.792,0.848,-0.05599999999999994
1550,2015-12-08,0.95,0.85,0.09999999999999998
1551,2015-08-13,1.038,0.96,0.07800000000000007
1552,2015-08-14,0.862,0.9590000000000001,-0.09700000000000009
1553,2015-08-15,0.7040000000000001,0.8540000000000001,-0.15000000000000002
1554,2015-08-16,0.581,0.755,-0.17400000000000004
1555,2015-08-17,0.51,0.6659999999999999,-0.15599999999999992
1556,2015-08-18,0.45799999999999996,0.5870000000000001,-0.12900000000000011
1557,2015-08-19,0.44,0.517,-0.07700000000000001
1558,2015-08-20,0.405,0.45399999999999996,-0.04899999999999993
1559,2015-08-21,0.387,0.39799999999999996,-0.010999999999999954
1560,2015-08-22,0.37,0.348,0.02200000000000002
1561,2015-08-23,0.35200000000000004,0.304,0.04800000000000004
1562,2015-08-24,0.35200000000000004,0.265,0.08700000000000002
1563,2015-08-25,0.33399999999999996,0.23199999999999998,0.10199999999999998
1564,2015-08-26,0.317,0.20800000000000002,0.10899999999999999
1565,2015-08-27,0.33399999999999996,0.198,0.13599999999999995
1566,2015-08-28,7.513999999999999,10.202,-2.6880000000000006
1567,2015-08-29,3.8710000000000004,9.565,-5.693999999999999
1568,2015-08-30,1.9180000000000001,2.938,-1.02
1569,2015-08-31,1.337,1.296,0.040999999999999925
1570,2015-01-09,1.038,1.171,-0.133
1571,2015-02-09,0.845,1.083,-0.238
1572,2015-03-09,0.6859999999999999,0.977,-0.29100000000000004
1573,2015-04-09,0.616,0.88,-0.264
1574,2015-05-09,0.633,0.889,-0.256
1575,2015-06-09,0.616,1.551,-0.9349999999999999
1576,2015-07-09,0.616,1.62,-1.004
1577,2015-08-09,0.792,1.538,-0.746
1578,2015-09-09,0.862,1.575,-0.713
1579,2015-10-09,0.7040000000000001,1.48,-0.7759999999999999
1580,2015-11-09,0.616,1.339,-0.723
1581,2015-12-09,0.545,1.209,-0.664
1582,2015-09-13,0.51,1.0859999999999999,-0.5759999999999998
1583,2015-09-14,0.44,0.9740000000000001,-0.534
1584,2015-09-15,0.405,0.872,-0.46699999999999997
1585,2015-09-16,0.37,0.7809999999999999,-0.4109999999999999
1586,2015-09-17,0.35200000000000004,0.701,-0.3489999999999999
1587,2015-09-18,0.405,0.7020000000000001,-0.29700000000000004
1588,2015-09-19,3.8710000000000004,5.957999999999999,-2.086999999999999
1589,2015-09-20,3.326,4.946000000000001,-1.6200000000000006
1590,2015-09-21,1.9,2.807,-0.907
1591,2015-09-22,1.425,1.567,-0.1419999999999999
1592,2015-09-23,1.1440000000000001,1.486,-0.34199999999999986
1593,2015-09-24,0.9329999999999999,1.349,-0.41600000000000004
1594,2015-09-25,2.006,1.5090000000000001,0.49699999999999966
1595,2015-09-26,1.9880000000000002,2.15,-0.1619999999999997
1596,2015-09-27,4.61,3.025,1.5850000000000004
1597,2015-09-28,3.0789999999999997,3.281,-0.2020000000000004
1598,2015-09-29,2.094,2.339,-0.2450000000000001
1599,2015-09-30,2.903,2.496,0.40700000000000003
1600,2015-01-10,36.531,7.479,29.052
1601,2015-02-10,32.061,42.50899999999999,-10.447999999999993
1602,2015-03-10,10.628,13.263,-2.635
1603,2015-04-10,6.352,4.798,1.5540000000000003
1604,2015-05-10,4.188,3.64,0.5479999999999996
1605,2015-06-10,3.141,2.944,0.19700000000000006
1606,2015-07-10,2.094,2.66,-0.5660000000000003
1607,2015-08-10,1.636,2.414,-0.7780000000000002
1608,2015-09-10,1.337,2.191,-0.8539999999999999
1609,2015-10-10,1.214,2.022,-0.8079999999999998
1610,2015-11-10,1.073,1.869,-0.796
1611,2015-12-10,0.985,1.6969999999999998,-0.7119999999999999
1612,2015-10-13,0.915,1.538,-0.623
1613,2015-10-14,0.862,1.399,-0.537
1614,2015-10-15,0.809,1.273,-0.46399999999999986
1615,2015-10-16,0.774,1.157,-0.383
1616,2015-10-17,0.809,1.253,-0.44399999999999984
1617,2015-10-18,0.915,1.421,-0.506
1618,2015-10-19,0.88,1.435,-0.555
1619,2015-10-20,0.809,1.331,-0.5219999999999999
1620,2015-10-21,0.8270000000000001,1.206,-0.3789999999999999
1621,2015-10-22,1.9709999999999999,2.113,-0.14200000000000013
1622,2015-10-23,3.6069999999999998,3.6189999999999998,-0.01200000000000001
1623,2015-10-24,2.27,3.122,-0.8519999999999999
1624,2015-10-25,2.763,2.613,0.1499999999999999
1625,2015-10-26,3.3789999999999996,2.813,0.5659999999999994
1626,2015-10-27,7.162000000000001,4.114,3.048000000000001
1627,2015-10-28,2.8680000000000003,3.927,-1.0589999999999997
1628,2015-10-29,1.953,2.479,-0.526
1629,2015-10-30,1.531,2.258,-0.7270000000000001
1630,2015-10-31,1.689,2.1069999999999998,-0.4179999999999997
1631,2015-01-11,5.807,2.88,2.9270000000000005
1632,2015-02-11,9.52,9.012,0.5079999999999991
1633,2015-03-11,6.968,8.646,-1.6780000000000008
1634,2015-04-11,4.646,5.1080000000000005,-0.46200000000000063
1635,2015-05-11,3.572,3.728,-0.15600000000000014
1636,2015-06-11,2.5869999999999997,2.747,-0.16000000000000014
1637,2015-07-11,2.991,2.559,0.43199999999999994
1638,2015-08-11,2.763,3.092,-0.3290000000000002
1639,2015-09-11,2.2,2.79,-0.5899999999999999
1640,2015-10-11,2.059,2.436,-0.3769999999999998
1641,2015-11-11,6.581,4.758,1.8230000000000004
1642,2015-12-11,4.54,6.159,-1.6189999999999998
1643,2015-11-13,2.991,4.3,-1.3089999999999997
1644,2015-11-14,2.27,2.863,-0.593
1645,2015-11-15,1.8119999999999998,2.6689999999999996,-0.8569999999999998
1646,2015-11-16,1.531,2.459,-0.9280000000000002
1647,2015-11-17,1.425,2.359,-0.9339999999999999
1648,2015-11-18,1.232,2.238,-1.006
1649,2015-11-19,1.126,2.0380000000000003,-0.9120000000000004
1650,2015-11-20,1.021,1.8559999999999999,-0.835
1651,2015-11-21,0.968,1.693,-0.7250000000000001
1652,2015-11-22,0.915,1.547,-0.6319999999999999
1653,2015-11-23,0.915,1.425,-0.51
1654,2015-11-24,0.915,1.5419999999999998,-0.6269999999999998
1655,2015-11-25,0.88,1.5590000000000002,-0.6790000000000002
1656,2015-11-26,1.161,1.929,-0.768
1657,2015-11-27,21.521,19.171,2.3500000000000014
1658,2015-11-28,12.511,22.171,-9.66
1659,2015-11-29,4.276,4.965,-0.6890000000000001
1660,2015-11-30,2.745,2.35,0.395
1661,2015-01-12,2.903,2.3169999999999997,0.5860000000000003
1662,2015-02-12,2.675,2.6889999999999996,-0.01399999999999979
1663,2015-03-12,3.66,6.2589999999999995,-2.5989999999999993
1664,2015-04-12,2.4459999999999997,4.947,-2.5010000000000003
1665,2015-05-12,3.255,3.292,-0.03699999999999992
1666,2015-06-12,3.185,4.698,-1.5130000000000003
1667,2015-07-12,17.157,9.187000000000001,7.969999999999999
1668,2015-08-12,6.212000000000001,5.1370000000000005,1.0750000000000002
1669,2015-09-12,6.37,4.074,2.2960000000000003
1670,2015-10-12,4.417,3.6319999999999997,0.7850000000000001
1671,2015-11-12,3.167,3.306,-0.13900000000000023
1672,2015-12-12,3.2030000000000003,3.4810000000000003,-0.278
1673,2015-12-13,2.499,3.236,-0.7370000000000001
1674,2015-12-14,1.9880000000000002,2.964,-0.9759999999999998
1675,2015-12-15,1.795,2.715,-0.9199999999999999
1676,2015-12-16,3.555,3.977,-0.4219999999999997
1677,2015-12-17,2.481,4.0680000000000005,-1.5870000000000006
1678,2015-12-18,3.555,3.3539999999999996,0.2010000000000005
1679,2015-12-19,8.71,9.367,-0.657
1680,2015-12-20,6.652,6.774,-0.12199999999999989
1681,2015-12-21,7.091,9.889,-2.797999999999999
1682,2015-12-22,4.575,5.814,-1.2389999999999999
1683,2015-12-23,3.273,4.019,-0.746
1684,2015-12-24,2.464,3.258,-0.794
1685,2015-12-25,3.801,3.1180000000000003,0.6829999999999998
1686,2015-12-26,4.311,4.096,0.21499999999999986
1687,2015-12-27,2.552,3.8089999999999997,-1.2569999999999997
1688,2015-12-28,3.3789999999999996,3.049,0.3299999999999996
1689,2015-12-29,3.924,2.781,1.1429999999999998
1690,2015-12-30,2.112,2.7960000000000003,-0.6840000000000002
1691,2015-12-31,2.182,2.927,-0.7450000000000001
