,DATE,OBSRUNOFF,SIMRUNOFF,RESIDUAL
0,2006-08-17,88.052,4.225,83.82700000000001
1,2006-08-18,10.864,14.869000000000002,-4.005000000000001
2,2006-08-19,9.212,13.575999999999999,-4.363999999999999
3,2006-08-20,10.228,9.636000000000001,0.5919999999999987
4,2006-08-21,10.673,8.604,2.069000000000001
5,2006-08-22,11.372,7.523,3.849
6,2006-08-23,11.245,7.855,3.389999999999999
7,2006-08-24,14.802,8.959,5.843
8,2006-08-25,14.739,11.446,3.293000000000001
9,2006-08-26,14.485,14.847999999999999,-0.36299999999999955
10,2006-08-27,14.866,15.737,-0.8710000000000004
11,2006-08-28,16.454,15.366,1.088000000000001
12,2006-08-29,16.009,17.861,-1.8520000000000003
13,2006-08-30,21.219,18.997,2.2220000000000013
14,2006-08-31,14.231,18.678,-4.447000000000001
15,2006-01-09,13.659,17.951,-4.292
16,2006-02-09,13.277999999999999,17.37,-4.092000000000002
17,2006-03-09,15.628,16.491,-0.8629999999999995
18,2006-04-09,22.171999999999997,16.705,5.466999999999999
19,2006-05-09,19.313,18.124000000000002,1.1889999999999965
20,2006-06-09,13.277999999999999,17.722,-4.444000000000003
21,2006-07-09,9.402000000000001,15.469000000000001,-6.067
22,2006-08-09,8.068,12.953,-4.885
23,2006-09-09,7.115,12.398,-5.2829999999999995
24,2006-10-09,10.8,12.974,-2.1739999999999995
25,2006-11-09,10.482000000000001,13.828,-3.3459999999999983
26,2006-12-09,15.247,16.905,-1.6580000000000013
27,2006-09-13,17.852,17.947,-0.09499999999999886
28,2006-09-14,10.038,17.034000000000002,-6.996000000000002
29,2006-09-15,6.035,13.862,-7.827
30,2006-09-16,11.562000000000001,9.039,2.5230000000000015
31,2006-09-17,30.875,11.915999999999999,18.959000000000003
32,2006-09-18,24.776,16.533,8.242999999999999
33,2006-09-19,17.915,20.422,-2.5070000000000014
34,2006-09-20,8.64,15.889000000000001,-7.2490000000000006
35,2006-09-21,5.654,7.944,-2.29
36,2006-09-22,4.256,5.43,-1.1739999999999995
37,2006-09-23,3.5580000000000003,4.763999999999999,-1.205999999999999
38,2006-09-24,3.304,4.55,-1.246
39,2006-09-25,3.367,4.529,-1.162
40,2006-09-26,3.367,4.578,-1.2110000000000003
41,2006-09-27,4.32,4.953,-0.633
42,2006-09-28,3.4939999999999998,4.713,-1.2190000000000003
43,2006-09-29,2.859,3.781,-0.9220000000000002
44,2006-09-30,2.478,3.483,-1.005
45,2006-01-10,2.287,3.3739999999999997,-1.0869999999999997
46,2006-02-10,2.16,3.4730000000000003,-1.3130000000000002
47,2006-03-10,2.287,4.133,-1.846
48,2006-04-10,2.414,4.732,-2.318
49,2006-05-10,2.224,4.33,-2.106
50,2006-06-10,2.096,3.64,-1.544
51,2006-07-10,1.969,3.4960000000000004,-1.5270000000000004
52,2006-08-10,2.7319999999999998,3.687,-0.9550000000000001
53,2006-09-10,2.9219999999999997,3.958,-1.0360000000000005
54,2006-10-10,2.541,3.7539999999999996,-1.2129999999999996
55,2006-11-10,18.042,4.227,13.815000000000001
56,2006-12-10,62.386,13.161,49.225
57,2006-10-13,17.089000000000002,16.559,0.5300000000000011
58,2006-10-14,30.811999999999998,16.648,14.163999999999998
59,2006-10-15,13.913,15.530999999999999,-1.6179999999999986
60,2006-10-16,19.758,14.645999999999999,5.112
61,2006-10-17,12.452,12.435,0.01699999999999946
62,2006-10-18,7.624,7.271,0.35299999999999976
63,2006-10-19,5.4,5.399,0.001000000000000334
64,2006-10-20,4.447,4.21,0.2370000000000001
65,2006-10-21,4.066,3.638,0.42799999999999994
66,2006-10-22,3.875,3.4210000000000003,0.45399999999999974
67,2006-10-23,3.431,3.219,0.2120000000000002
68,2006-10-24,3.113,3.013,0.10000000000000009
69,2006-10-25,2.9219999999999997,2.821,0.10099999999999953
70,2006-10-26,2.7319999999999998,2.642,0.08999999999999986
71,2006-10-27,2.605,2.474,0.13099999999999978
72,2006-10-28,2.414,2.316,0.09800000000000031
73,2006-10-29,2.351,2.17,0.18100000000000005
74,2006-10-30,2.224,2.037,0.18700000000000028
75,2006-10-31,1.969,1.9140000000000001,0.05499999999999994
76,2006-01-11,1.969,1.7930000000000001,0.17599999999999993
77,2006-02-11,2.096,1.705,0.391
78,2006-03-11,2.224,1.676,0.5480000000000003
79,2006-04-11,2.033,1.621,0.4119999999999999
80,2006-05-11,1.906,1.5190000000000001,0.3869999999999998
81,2006-06-11,1.715,1.4240000000000002,0.2909999999999999
82,2006-07-11,1.652,1.335,0.31699999999999995
83,2006-08-11,1.588,1.251,0.3370000000000002
84,2006-09-11,1.525,1.1740000000000002,0.35099999999999976
85,2006-10-11,1.525,1.119,0.4059999999999999
86,2006-11-11,1.334,1.07,0.264
87,2006-12-11,1.271,1.005,0.266
88,2006-11-13,1.3980000000000001,0.943,0.4550000000000002
89,2006-11-14,1.3980000000000001,0.887,0.5110000000000001
90,2006-11-15,1.271,0.835,0.43599999999999994
91,2006-11-16,1.207,0.792,0.41500000000000004
92,2006-11-17,1.1440000000000001,0.7929999999999999,0.3510000000000002
93,2006-11-18,1.1440000000000001,0.835,0.30900000000000016
94,2006-11-19,1.08,0.998,0.08200000000000007
95,2006-11-20,1.08,1.126,-0.04599999999999982
96,2006-11-21,1.016,1.1320000000000001,-0.1160000000000001
97,2006-11-22,1.016,1.208,-0.19199999999999995
98,2006-11-23,0.953,1.5819999999999999,-0.6289999999999999
99,2006-11-24,0.953,1.851,-0.898
100,2006-11-25,0.889,1.683,-0.794
101,2006-11-26,0.889,1.6740000000000002,-0.7850000000000001
102,2006-11-27,1.016,2.906,-1.8900000000000001
103,2006-11-28,1.715,9.495,-7.779999999999999
104,2006-11-29,1.715,8.823,-7.1080000000000005
105,2006-11-30,1.715,4.523,-2.808
106,2006-01-12,2.096,3.9360000000000004,-1.8400000000000003
107,2006-02-12,1.715,3.2430000000000003,-1.5280000000000002
108,2006-03-12,1.4609999999999999,2.532,-1.0710000000000002
109,2006-04-12,1.271,2.387,-1.116
110,2006-05-12,1.08,2.253,-1.173
111,2006-06-12,1.08,2.127,-1.0469999999999997
112,2006-07-12,1.016,1.9980000000000002,-0.9820000000000002
113,2006-08-12,1.016,1.883,-0.867
114,2006-09-12,0.953,1.774,-0.8210000000000001
115,2006-10-12,0.889,1.6980000000000002,-0.8090000000000002
116,2006-11-12,0.889,1.645,-0.756
117,2006-12-12,0.826,1.605,-0.779
118,2006-12-13,0.762,1.6280000000000001,-0.8660000000000001
119,2006-12-14,0.762,1.631,-0.869
120,2006-12-15,0.762,1.57,-0.808
121,2006-12-16,0.762,1.484,-0.722
122,2006-12-17,0.889,1.416,-0.5269999999999999
123,2006-12-18,1.207,1.381,-0.17399999999999993
124,2006-12-19,1.3980000000000001,1.381,0.017000000000000126
125,2006-12-20,1.334,1.348,-0.014000000000000012
126,2006-12-21,3.049,1.8090000000000002,1.2399999999999998
127,2006-12-22,9.911,7.925,1.9859999999999998
128,2006-12-23,6.48,8.451,-1.971
129,2006-12-24,3.9389999999999996,3.62,0.3189999999999995
130,2006-12-25,2.605,2.384,0.22100000000000009
131,2006-12-26,2.224,2.167,0.057000000000000384
132,2006-12-27,2.224,2.19,0.03400000000000025
133,2006-12-28,2.414,2.156,0.258
134,2006-12-29,2.287,2.112,0.17499999999999982
135,2006-12-30,1.7790000000000001,2.036,-0.2569999999999999
136,2006-12-31,1.4609999999999999,1.929,-0.4680000000000002
137,2007-01-01,1.271,1.8459999999999999,-0.575
138,2007-02-01,1.1440000000000001,1.766,-0.6219999999999999
139,2007-03-01,1.08,1.662,-0.5819999999999999
140,2007-04-01,1.016,1.5659999999999998,-0.5499999999999998
141,2007-05-01,0.953,1.476,-0.523
142,2007-06-01,0.889,1.39,-0.5009999999999999
143,2007-07-01,0.826,1.307,-0.481
144,2007-08-01,0.826,1.23,-0.404
145,2007-09-01,0.762,1.157,-0.395
146,2007-10-01,0.826,1.089,-0.263
147,2007-11-01,0.889,1.044,-0.15500000000000003
148,2007-12-01,0.826,1.004,-0.17800000000000005
149,2007-01-13,0.826,0.946,-0.12
150,2007-01-14,0.826,0.89,-0.06400000000000006
151,2007-01-15,0.762,0.838,-0.07599999999999996
152,2007-01-16,0.826,0.7879999999999999,0.038000000000000034
153,2007-01-17,0.889,0.75,0.139
154,2007-01-18,0.953,0.722,0.23099999999999998
155,2007-01-19,0.953,0.687,0.2659999999999999
156,2007-01-20,0.889,0.647,0.242
157,2007-01-21,0.889,0.611,0.278
158,2007-01-22,0.953,0.589,0.364
159,2007-01-23,1.016,0.58,0.43600000000000005
160,2007-01-24,1.016,0.57,0.44600000000000006
161,2007-01-25,1.1440000000000001,0.55,0.5940000000000001
162,2007-01-26,1.334,0.532,0.802
163,2007-01-27,1.715,0.568,1.1470000000000002
164,2007-01-28,2.096,0.6,1.496
165,2007-01-29,2.351,0.6,1.751
166,2007-01-30,1.906,0.589,1.317
167,2007-01-31,1.525,0.5589999999999999,0.966
168,2007-01-02,1.334,0.526,0.808
169,2007-02-02,1.271,0.496,0.7749999999999999
170,2007-03-02,1.207,0.48100000000000004,0.726
171,2007-04-02,1.1440000000000001,0.469,0.6750000000000002
172,2007-05-02,1.1440000000000001,0.445,0.6990000000000001
173,2007-06-02,1.08,0.419,0.661
174,2007-07-02,1.016,0.39399999999999996,0.6220000000000001
175,2007-08-02,1.016,0.371,0.645
176,2007-09-02,1.1440000000000001,0.349,0.7950000000000002
177,2007-10-02,1.3980000000000001,0.368,1.0300000000000002
178,2007-11-02,1.525,0.418,1.107
179,2007-12-02,1.652,0.439,1.2129999999999999
180,2007-02-13,1.525,0.435,1.0899999999999999
181,2007-02-14,1.334,0.418,0.9160000000000001
182,2007-02-15,1.207,0.39299999999999996,0.8140000000000001
183,2007-02-16,1.1440000000000001,0.37,0.7740000000000001
184,2007-02-17,1.1440000000000001,0.348,0.7960000000000002
185,2007-02-18,1.08,0.32799999999999996,0.7520000000000001
186,2007-02-19,1.016,0.308,0.708
187,2007-02-20,0.953,0.29,0.663
188,2007-02-21,0.889,0.273,0.616
189,2007-02-22,0.889,0.257,0.632
190,2007-02-23,0.826,0.242,0.584
191,2007-02-24,0.826,0.228,0.598
192,2007-02-25,0.826,0.215,0.611
193,2007-02-26,0.826,0.20199999999999999,0.624
194,2007-02-27,0.762,0.19,0.5720000000000001
195,2007-02-28,0.762,0.179,0.583
196,2007-01-03,0.762,0.168,0.594
197,2007-02-03,0.762,0.158,0.604
198,2007-03-03,0.826,0.156,0.6699999999999999
199,2007-04-03,0.889,0.16399999999999998,0.7250000000000001
200,2007-05-03,0.826,0.165,0.6609999999999999
201,2007-06-03,0.826,0.156,0.6699999999999999
202,2007-07-03,0.762,0.147,0.615
203,2007-08-03,0.762,0.138,0.624
204,2007-09-03,0.762,0.13,0.632
205,2007-10-03,0.6990000000000001,0.12300000000000001,0.5760000000000001
206,2007-11-03,0.6990000000000001,0.115,0.5840000000000001
207,2007-12-03,0.6990000000000001,0.111,0.5880000000000001
208,2007-03-13,0.6990000000000001,0.125,0.5740000000000001
209,2007-03-14,0.6990000000000001,0.166,0.533
210,2007-03-15,0.762,0.195,0.567
211,2007-03-16,0.762,0.27899999999999997,0.48300000000000004
212,2007-03-17,0.762,0.345,0.41700000000000004
213,2007-03-18,0.762,0.34600000000000003,0.416
214,2007-03-19,0.6990000000000001,0.35200000000000004,0.34700000000000003
215,2007-03-20,0.6990000000000001,0.353,0.3460000000000001
216,2007-03-21,0.826,0.358,0.46799999999999997
217,2007-03-22,0.826,0.363,0.46299999999999997
218,2007-03-23,0.826,0.375,0.45099999999999996
219,2007-03-24,0.826,0.5,0.32599999999999996
220,2007-03-25,0.762,0.679,0.08299999999999996
221,2007-03-26,0.826,1.146,-0.31999999999999995
222,2007-03-27,1.016,2.031,-1.0150000000000001
223,2007-03-28,1.1440000000000001,3.095,-1.951
224,2007-03-29,1.271,5.638,-4.367
225,2007-03-30,1.3980000000000001,4.488,-3.0900000000000003
226,2007-03-31,1.588,2.677,-1.089
227,2007-01-04,1.715,1.9569999999999999,-0.24199999999999977
228,2007-02-04,2.7319999999999998,5.067,-2.3350000000000004
229,2007-03-04,2.795,6.124,-3.3289999999999997
230,2007-04-04,2.414,3.563,-1.149
231,2007-05-04,2.096,2.497,-0.4009999999999998
232,2007-06-04,1.715,2.315,-0.5999999999999999
233,2007-07-04,1.525,2.209,-0.6840000000000002
234,2007-08-04,1.271,2.104,-0.8330000000000002
235,2007-09-04,1.207,2.0140000000000002,-0.8070000000000002
236,2007-10-04,1.016,1.9240000000000002,-0.9080000000000001
237,2007-11-04,0.889,1.818,-0.929
238,2007-12-04,0.826,1.831,-1.005
239,2007-04-13,0.762,1.955,-1.193
240,2007-04-14,0.889,2.6860000000000004,-1.7970000000000004
241,2007-04-15,1.588,4.539,-2.9509999999999996
242,2007-04-16,3.113,10.640999999999998,-7.527999999999999
243,2007-04-17,3.748,15.319,-11.571000000000002
244,2007-04-18,3.113,9.304,-6.191000000000001
245,2007-04-19,2.541,4.261,-1.7200000000000002
246,2007-04-20,2.16,3.017,-0.8569999999999998
247,2007-04-21,1.715,2.7230000000000003,-1.0080000000000002
248,2007-04-22,1.334,2.58,-1.246
249,2007-04-23,1.08,2.511,-1.431
250,2007-04-24,0.953,2.546,-1.593
251,2007-04-25,0.953,2.634,-1.681
252,2007-04-26,1.652,3.785,-2.133
253,2007-04-27,2.668,12.520999999999999,-9.852999999999998
254,2007-04-28,2.7319999999999998,10.719000000000001,-7.987000000000002
255,2007-04-29,2.541,4.9030000000000005,-2.3620000000000005
256,2007-04-30,2.096,3.758,-1.662
257,2007-01-05,1.7790000000000001,3.2060000000000004,-1.4270000000000003
258,2007-02-05,1.588,3.395,-1.807
259,2007-03-05,1.4609999999999999,4.119,-2.658
260,2007-04-05,1.271,4.365,-3.0940000000000003
261,2007-05-05,1.207,3.812,-2.6049999999999995
262,2007-06-05,1.207,3.553,-2.346
263,2007-07-05,1.207,3.658,-2.4509999999999996
264,2007-08-05,1.4609999999999999,4.454,-2.993
265,2007-09-05,2.541,7.132000000000001,-4.591000000000001
266,2007-10-05,2.986,10.068,-7.081999999999999
267,2007-11-05,2.478,7.106,-4.628
268,2007-12-05,2.033,5.43,-3.397
269,2007-05-13,1.652,4.961,-3.309
270,2007-05-14,1.525,5.687,-4.162000000000001
271,2007-05-15,2.16,10.345999999999998,-8.185999999999998
272,2007-05-16,3.748,13.259,-9.511
273,2007-05-17,4.8919999999999995,17.135,-12.243000000000002
274,2007-05-18,5.527,17.477,-11.95
275,2007-05-19,5.654,15.065,-9.411
276,2007-05-20,8.195,18.215999999999998,-10.020999999999997
277,2007-05-21,17.153,20.886999999999997,-3.733999999999998
278,2007-05-22,18.932000000000002,20.182000000000002,-1.25
279,2007-05-23,12.706,18.913,-6.207000000000001
280,2007-05-24,10.927,18.27,-7.343
281,2007-05-25,8.386000000000001,16.717,-8.330999999999998
282,2007-05-26,7.877999999999999,18.798,-10.919999999999998
283,2007-05-27,6.861000000000001,20.929000000000002,-14.068000000000001
284,2007-05-28,7.178999999999999,21.7,-14.521
285,2007-05-29,6.861000000000001,19.491,-12.629999999999999
286,2007-05-30,7.0520000000000005,15.626,-8.573999999999998
287,2007-05-31,8.005,15.684000000000001,-7.679
288,2007-01-06,6.9879999999999995,15.607000000000001,-8.619000000000002
289,2007-02-06,7.178999999999999,15.302999999999999,-8.123999999999999
290,2007-03-06,13.024000000000001,17.886,-4.861999999999998
291,2007-04-06,19.567,19.674,-0.10699999999999932
292,2007-05-06,26.619,21.695,4.9239999999999995
293,2007-06-06,30.366999999999997,21.564,8.802999999999997
294,2007-07-06,25.539,18.372,7.167000000000002
295,2007-08-06,20.774,15.270999999999999,5.503000000000002
296,2007-09-06,17.471,15.015,2.4559999999999995
297,2007-10-06,15.501,14.192,1.3089999999999993
298,2007-11-06,19.44,15.985,3.455000000000002
299,2007-12-06,14.929,15.75,-0.8209999999999997
300,2007-06-13,10.991,11.838,-0.8469999999999995
301,2007-06-14,9.339,9.863999999999999,-0.5249999999999986
302,2007-06-15,9.212,11.353,-2.141
303,2007-06-16,11.372,15.937999999999999,-4.565999999999999
304,2007-06-17,12.134,17.742,-5.6080000000000005
305,2007-06-18,10.609000000000002,17.067,-6.457999999999998
306,2007-06-19,10.038,16.387,-6.349
307,2007-06-20,9.656,13.12,-3.4639999999999986
308,2007-06-21,9.911,11.097999999999999,-1.1869999999999994
309,2007-06-22,12.642000000000001,14.936,-2.2939999999999987
310,2007-06-23,19.122,22.346999999999998,-3.224999999999998
311,2007-06-24,25.094,31.131,-6.036999999999999
312,2007-06-25,24.522,29.479,-4.957000000000001
313,2007-06-26,24.395,24.214000000000002,0.18099999999999739
314,2007-06-27,27.635,22.756999999999998,4.878000000000004
315,2007-06-28,24.713,25.250999999999998,-0.5379999999999967
316,2007-06-29,21.726999999999997,23.614,-1.887000000000004
317,2007-06-30,19.948,20.413,-0.46499999999999986
318,2007-01-07,18.105999999999998,16.366,1.7399999999999984
319,2007-02-07,21.854,18.570999999999998,3.2830000000000013
320,2007-03-07,28.334,25.958000000000002,2.3759999999999977
321,2007-04-07,33.734,32.816,0.9179999999999993
322,2007-05-07,33.861,32.887,0.9739999999999966
323,2007-06-07,33.226,29.604,3.622
324,2007-07-07,28.08,25.491999999999997,2.588000000000001
325,2007-08-07,23.886999999999997,23.199,0.6879999999999953
326,2007-09-07,20.075,22.796999999999997,-2.7219999999999978
327,2007-10-07,22.171999999999997,27.052,-4.880000000000003
328,2007-11-07,28.715,24.618000000000002,4.096999999999998
329,2007-12-07,28.016,24.866999999999997,3.149000000000001
330,2007-07-13,29.541,26.171999999999997,3.3690000000000033
331,2007-07-14,34.56,26.534000000000002,8.026
332,2007-07-15,24.904,23.854,1.0500000000000007
333,2007-07-16,23.379,22.744,0.6350000000000016
334,2007-07-17,19.820999999999998,17.685,2.1359999999999992
335,2007-07-18,16.708,14.349,2.358999999999998
336,2007-07-19,15.819,12.177,3.6420000000000012
337,2007-07-20,16.454,11.276,5.178000000000001
338,2007-07-21,19.694000000000003,13.567,6.1270000000000024
339,2007-07-22,39.325,16.461,22.864000000000004
340,2007-07-23,22.934,16.165,6.769000000000002
341,2007-07-24,15.819,15.427,0.39200000000000124
342,2007-07-25,17.979,18.123,-0.1440000000000019
343,2007-07-26,19.249000000000002,18.097,1.152000000000001
344,2007-07-27,24.268,20.73,3.5380000000000003
345,2007-07-28,24.776,21.480999999999998,3.2950000000000017
346,2007-07-29,31.002,23.128,7.873999999999999
347,2007-07-30,26.491999999999997,23.374000000000002,3.117999999999995
348,2007-07-31,23.569000000000003,23.176,0.39300000000000423
349,2007-01-08,32.464,37.696,-5.231999999999999
350,2007-02-08,23.252,27.409000000000002,-4.157000000000004
351,2007-03-08,22.299,25.747,-3.4480000000000004
352,2007-04-08,21.6,21.206,0.3940000000000019
353,2007-05-08,26.365,22.274,4.0909999999999975
354,2007-06-08,18.551,25.177,-6.626000000000001
355,2007-07-08,18.678,21.404,-2.725999999999999
356,2007-08-08,25.475,19.329,6.146000000000001
357,2007-09-08,27.699,19.122,8.577000000000002
358,2007-10-08,35.385999999999996,42.821999999999996,-7.436
359,2007-11-08,18.805,22.951,-4.146000000000001
360,2007-12-08,13.786,17.576,-3.790000000000001
361,2007-08-13,16.899,17.383,-0.4839999999999982
362,2007-08-14,22.235,20.463,1.7719999999999985
363,2007-08-15,18.614,25.95,-7.3359999999999985
364,2007-08-16,21.535999999999998,22.081,-0.5450000000000017
365,2007-08-17,20.838,25.572,-4.733999999999998
366,2007-08-18,15.437999999999999,20.863000000000003,-5.425000000000004
367,2007-08-19,11.435,15.12,-3.6849999999999987
368,2007-08-20,10.101,13.34,-3.238999999999999
369,2007-08-21,12.706,12.495999999999999,0.21000000000000085
370,2007-08-22,12.325,10.402999999999999,1.9220000000000006
371,2007-08-23,16.264,12.862,3.4019999999999992
372,2007-08-24,28.651999999999997,15.557,13.094999999999997
373,2007-08-25,23.252,16.771,6.480999999999998
374,2007-08-26,13.468,19.234,-5.766000000000002
375,2007-08-27,10.038,17.208,-7.169999999999998
376,2007-08-28,8.386000000000001,13.229000000000001,-4.843
377,2007-08-29,7.814,11.793,-3.978999999999999
378,2007-08-30,5.972,9.759,-3.787
379,2007-08-31,4.8919999999999995,7.206,-2.314000000000001
380,2007-01-09,4.32,7.586,-3.266
381,2007-02-09,4.066,7.976,-3.91
382,2007-03-09,4.511,8.706,-4.194999999999999
383,2007-04-09,6.226,11.972000000000001,-5.746000000000001
384,2007-05-09,5.4639999999999995,11.220999999999998,-5.756999999999999
385,2007-06-09,5.4639999999999995,9.304,-3.8400000000000007
386,2007-07-09,8.513,10.761,-2.2479999999999993
387,2007-08-09,6.861000000000001,11.825,-4.963999999999999
388,2007-09-09,6.035,11.698,-5.663
389,2007-10-09,5.845,10.85,-5.005
390,2007-11-09,4.511,8.61,-4.098999999999999
391,2007-12-09,4.1930000000000005,7.752000000000001,-3.559
392,2007-09-13,4.066,7.763,-3.697
393,2007-09-14,3.875,6.207999999999999,-2.3329999999999993
394,2007-09-15,5.654,6.329,-0.6749999999999998
395,2007-09-16,7.0520000000000005,10.038,-2.9859999999999998
396,2007-09-17,8.449,12.626,-4.177
397,2007-09-18,12.071,15.632,-3.561
398,2007-09-19,35.704,22.51,13.193999999999999
399,2007-09-20,11.181,17.201,-6.020000000000001
400,2007-09-21,6.861000000000001,9.469,-2.6079999999999988
401,2007-09-22,5.845,8.187000000000001,-2.3420000000000014
402,2007-09-23,4.828,7.567,-2.739
403,2007-09-24,4.32,6.475,-2.1549999999999994
404,2007-09-25,6.289,8.704,-2.415000000000001
405,2007-09-26,10.8,13.155,-2.3549999999999986
406,2007-09-27,11.308,16.271,-4.963000000000001
407,2007-09-28,8.767000000000001,12.454,-3.6869999999999994
408,2007-09-29,12.642000000000001,10.122,2.5200000000000014
409,2007-09-30,9.402000000000001,10.264000000000001,-0.8620000000000001
410,2007-01-10,8.894,11.720999999999998,-2.826999999999998
411,2007-02-10,9.466000000000001,12.134,-2.6679999999999993
412,2007-03-10,13.087,13.716,-0.6289999999999996
413,2007-04-10,9.974,14.892999999999999,-4.918999999999999
414,2007-05-10,9.402000000000001,13.06,-3.6579999999999995
415,2007-06-10,6.353,9.747,-3.394
416,2007-07-10,7.115,11.43,-4.3149999999999995
417,2007-08-10,6.226,12.739,-6.513000000000001
418,2007-09-10,5.336,9.837,-4.5009999999999994
419,2007-10-10,4.3839999999999995,6.352,-1.9680000000000009
420,2007-11-10,4.066,5.65,-1.5840000000000005
421,2007-12-10,3.685,5.83,-2.145
422,2007-10-13,3.431,6.112,-2.681
423,2007-10-14,3.24,5.979,-2.739
424,2007-10-15,4.256,7.568,-3.3119999999999994
425,2007-10-16,5.019,9.987,-4.968
426,2007-10-17,4.638,11.569,-6.931000000000001
427,2007-10-18,5.845,13.232000000000001,-7.387000000000001
428,2007-10-19,5.591,10.133,-4.541999999999999
429,2007-10-20,5.273,6.254,-0.9809999999999999
430,2007-10-21,13.214,8.192,5.022
431,2007-10-22,16.772000000000002,13.913,2.8590000000000018
432,2007-10-23,14.739,15.11,-0.37099999999999866
433,2007-10-24,21.535999999999998,14.463,7.072999999999999
434,2007-10-25,21.6,13.025,8.575000000000001
435,2007-10-26,21.409000000000002,13.659,7.750000000000002
436,2007-10-27,9.911,11.564,-1.6530000000000005
437,2007-10-28,6.9879999999999995,7.612,-0.6240000000000006
438,2007-10-29,6.544,8.012,-1.4680000000000009
439,2007-10-30,5.4639999999999995,8.86,-3.396
440,2007-10-31,4.574,7.155,-2.5810000000000004
441,2007-01-11,4.002,5.912999999999999,-1.9109999999999996
442,2007-02-11,3.5580000000000003,5.132000000000001,-1.5740000000000003
443,2007-03-11,2.668,4.336,-1.6680000000000001
444,2007-04-11,5.591,3.926,1.665
445,2007-05-11,3.24,3.716,-0.476
446,2007-06-11,2.668,3.56,-0.8919999999999999
447,2007-07-11,2.414,3.387,-0.9729999999999999
448,2007-08-11,2.287,3.187,-0.8999999999999999
449,2007-09-11,2.096,2.989,-0.8929999999999998
450,2007-10-11,2.096,2.8080000000000003,-0.7120000000000002
451,2007-11-11,2.033,2.718,-0.685
452,2007-12-11,1.969,2.6439999999999997,-0.6749999999999996
453,2007-11-13,1.8419999999999999,2.511,-0.6690000000000003
454,2007-11-14,1.715,2.3569999999999998,-0.6419999999999997
455,2007-11-15,1.525,2.2119999999999997,-0.6869999999999998
456,2007-11-16,1.4609999999999999,2.077,-0.6160000000000001
457,2007-11-17,1.588,1.956,-0.3679999999999999
458,2007-11-18,1.652,1.848,-0.19600000000000017
459,2007-11-19,1.652,1.791,-0.139
460,2007-11-20,1.715,1.739,-0.02400000000000002
461,2007-11-21,3.049,2.5340000000000003,0.5149999999999997
462,2007-11-22,2.986,4.0169999999999995,-1.0309999999999993
463,2007-11-23,2.16,3.889,-1.7289999999999996
464,2007-11-24,1.969,2.636,-0.667
465,2007-11-25,2.096,2.206,-0.10999999999999988
466,2007-11-26,1.906,2.081,-0.17500000000000004
467,2007-11-27,1.652,1.9780000000000002,-0.3260000000000003
468,2007-11-28,1.588,1.89,-0.3019999999999998
469,2007-11-29,1.4609999999999999,1.786,-0.3250000000000002
470,2007-11-30,1.3980000000000001,1.679,-0.2809999999999999
471,2007-01-12,1.334,1.579,-0.24499999999999988
472,2007-02-12,1.3980000000000001,1.486,-0.08799999999999986
473,2007-03-12,1.525,1.396,0.129
474,2007-04-12,1.207,1.3119999999999998,-0.10499999999999976
475,2007-05-12,0.953,1.2329999999999999,-0.2799999999999999
476,2007-06-12,0.889,1.158,-0.2689999999999999
477,2007-07-12,0.889,1.092,-0.20300000000000007
478,2007-08-12,0.826,1.03,-0.20400000000000007
479,2007-09-12,0.826,0.988,-0.16200000000000003
480,2007-10-12,0.826,0.9590000000000001,-0.13300000000000012
481,2007-11-12,0.826,0.9159999999999999,-0.08999999999999997
482,2007-12-12,0.826,0.877,-0.051000000000000045
483,2007-12-13,1.016,0.853,0.16300000000000003
484,2007-12-14,1.3980000000000001,1.328,0.07000000000000006
485,2007-12-15,1.7790000000000001,2.963,-1.184
486,2007-12-16,5.781000000000001,7.837999999999999,-2.0569999999999986
487,2007-12-17,12.515,11.274000000000001,1.2409999999999997
488,2007-12-18,14.612,24.314,-9.702
489,2007-12-19,8.704,17.559,-8.855
490,2007-12-20,5.336,9.618,-4.282
491,2007-12-21,3.9389999999999996,4.718,-0.7790000000000004
492,2007-12-22,3.113,3.498,-0.38500000000000023
493,2007-12-23,2.351,2.654,-0.30299999999999994
494,2007-12-24,1.906,2.417,-0.5109999999999999
495,2007-12-25,1.652,2.414,-0.7620000000000002
496,2007-12-26,1.3980000000000001,2.342,-0.944
497,2007-12-27,1.4609999999999999,2.204,-0.7430000000000003
498,2007-12-28,1.334,2.088,-0.754
499,2007-12-29,1.207,2.016,-0.8089999999999999
500,2007-12-30,1.1440000000000001,1.935,-0.7909999999999999
501,2007-12-31,1.08,1.825,-0.7449999999999999
502,2008-01-01,1.016,1.72,-0.704
503,2008-02-01,0.953,1.619,-0.666
504,2008-03-01,0.889,1.5230000000000001,-0.6340000000000001
505,2008-04-01,0.826,1.433,-0.6070000000000001
506,2008-05-01,0.826,1.349,-0.523
507,2008-06-01,0.762,1.2690000000000001,-0.5070000000000001
508,2008-07-01,0.762,1.194,-0.43199999999999994
509,2008-08-01,0.6990000000000001,1.124,-0.42500000000000004
510,2008-09-01,0.6990000000000001,1.057,-0.3579999999999999
511,2008-10-01,0.6990000000000001,0.995,-0.29599999999999993
512,2008-11-01,0.6990000000000001,0.937,-0.238
513,2008-12-01,0.635,0.882,-0.247
514,2008-01-13,0.635,0.831,-0.19599999999999995
515,2008-01-14,0.635,0.7829999999999999,-0.1479999999999999
516,2008-01-15,0.635,0.7390000000000001,-0.10400000000000009
517,2008-01-16,0.635,0.7020000000000001,-0.06700000000000006
518,2008-01-17,0.5720000000000001,0.675,-0.10299999999999998
519,2008-01-18,0.5720000000000001,0.644,-0.07199999999999995
520,2008-01-19,0.5720000000000001,0.606,-0.03399999999999992
521,2008-01-20,0.635,0.589,0.04600000000000004
522,2008-01-21,0.635,0.593,0.04200000000000004
523,2008-01-22,0.5720000000000001,0.5820000000000001,-0.010000000000000009
524,2008-01-23,0.5720000000000001,0.5489999999999999,0.02300000000000013
525,2008-01-24,0.508,0.517,-0.009000000000000008
526,2008-01-25,0.508,0.48700000000000004,0.020999999999999963
527,2008-01-26,0.508,0.45899999999999996,0.049000000000000044
528,2008-01-27,0.508,0.434,0.07400000000000001
529,2008-01-28,0.508,0.43,0.07800000000000001
530,2008-01-29,0.6990000000000001,0.439,0.26000000000000006
531,2008-01-30,0.889,0.484,0.405
532,2008-01-31,1.016,0.515,0.501
533,2008-01-02,1.016,0.498,0.518
534,2008-02-02,1.08,0.474,0.6060000000000001
535,2008-03-02,1.08,0.447,0.633
536,2008-04-02,0.953,0.424,0.5289999999999999
537,2008-05-02,0.953,0.40299999999999997,0.55
538,2008-06-02,1.271,0.38,0.8909999999999999
539,2008-07-02,1.016,0.35700000000000004,0.659
540,2008-08-02,0.762,0.336,0.426
541,2008-09-02,0.635,0.318,0.317
542,2008-10-02,0.5720000000000001,0.319,0.25300000000000006
543,2008-11-02,0.508,0.5329999999999999,-0.02499999999999991
544,2008-12-02,0.5720000000000001,1.3330000000000002,-0.7610000000000001
545,2008-02-13,0.889,2.045,-1.156
546,2008-02-14,1.3980000000000001,1.786,-0.3879999999999999
547,2008-02-15,1.334,1.2590000000000001,0.07499999999999996
548,2008-02-16,1.1440000000000001,1.2109999999999999,-0.06699999999999973
549,2008-02-17,1.207,1.1640000000000001,0.04299999999999993
550,2008-02-18,1.1440000000000001,1.1320000000000001,0.01200000000000001
551,2008-02-19,1.1440000000000001,1.12,0.02400000000000002
552,2008-02-20,1.08,1.1079999999999999,-0.027999999999999803
553,2008-02-21,0.953,1.064,-0.1110000000000001
554,2008-02-22,0.889,1.0270000000000001,-0.13800000000000012
555,2008-02-23,0.826,0.991,-0.16500000000000004
556,2008-02-24,0.762,0.935,-0.17300000000000004
557,2008-02-25,0.6990000000000001,0.88,-0.18099999999999994
558,2008-02-26,0.6990000000000001,0.83,-0.1309999999999999
559,2008-02-27,0.635,0.782,-0.14700000000000002
560,2008-02-28,0.5720000000000001,0.737,-0.16499999999999992
561,2008-02-29,0.5720000000000001,0.693,-0.12099999999999989
562,2008-01-03,0.5720000000000001,0.653,-0.08099999999999996
563,2008-02-03,0.508,0.614,-0.10599999999999998
564,2008-03-03,0.508,0.578,-0.06999999999999995
565,2008-04-03,0.508,0.546,-0.038000000000000034
566,2008-05-03,0.508,0.516,-0.008000000000000007
567,2008-06-03,0.445,0.486,-0.04099999999999998
568,2008-07-03,0.445,0.457,-0.01200000000000001
569,2008-08-03,0.445,0.431,0.014000000000000012
570,2008-09-03,0.445,0.405,0.03999999999999998
571,2008-10-03,0.445,0.382,0.063
572,2008-11-03,0.445,0.365,0.08000000000000002
573,2008-12-03,0.445,0.363,0.08200000000000002
574,2008-03-13,0.445,0.373,0.07200000000000001
575,2008-03-14,0.445,0.408,0.03700000000000003
576,2008-03-15,0.381,0.44299999999999995,-0.061999999999999944
577,2008-03-16,0.445,0.44799999999999995,-0.002999999999999947
578,2008-03-17,0.381,0.45,-0.069
579,2008-03-18,0.381,0.44,-0.059
580,2008-03-19,0.381,0.42200000000000004,-0.041000000000000036
581,2008-03-20,0.445,0.40299999999999997,0.04200000000000004
582,2008-03-21,0.381,0.38,0.0010000000000000009
583,2008-03-22,0.381,0.371,0.010000000000000009
584,2008-03-23,0.381,0.363,0.018000000000000016
585,2008-03-24,0.381,0.34299999999999997,0.038000000000000034
586,2008-03-25,0.445,0.33,0.11499999999999999
587,2008-03-26,0.445,0.324,0.121
588,2008-03-27,0.445,0.312,0.133
589,2008-03-28,0.445,0.297,0.14800000000000002
590,2008-03-29,0.508,0.28300000000000003,0.22499999999999998
591,2008-03-30,0.508,0.266,0.242
592,2008-03-31,0.508,0.257,0.251
593,2008-01-04,0.508,0.265,0.243
594,2008-02-04,0.508,0.27899999999999997,0.22900000000000004
595,2008-03-04,0.508,0.27699999999999997,0.23100000000000004
596,2008-04-04,0.508,0.263,0.245
597,2008-05-04,0.508,0.248,0.26
598,2008-06-04,0.508,0.23600000000000002,0.272
599,2008-07-04,0.508,0.22699999999999998,0.281
600,2008-08-04,0.508,0.21600000000000003,0.292
601,2008-09-04,0.445,0.203,0.242
602,2008-10-04,0.445,0.191,0.254
603,2008-11-04,0.445,0.18,0.265
604,2008-12-04,0.445,0.17,0.275
605,2008-04-13,0.445,0.16,0.28500000000000003
606,2008-04-14,0.445,0.151,0.29400000000000004
607,2008-04-15,0.445,0.14300000000000002,0.302
608,2008-04-16,0.445,0.135,0.31
609,2008-04-17,0.445,0.135,0.31
610,2008-04-18,0.5720000000000001,0.152,0.42000000000000004
611,2008-04-19,0.762,0.188,0.5740000000000001
612,2008-04-20,0.826,0.212,0.614
613,2008-04-21,0.889,0.21100000000000002,0.6779999999999999
614,2008-04-22,0.889,0.21,0.679
615,2008-04-23,0.889,0.217,0.672
616,2008-04-24,1.016,0.23800000000000002,0.778
617,2008-04-25,0.953,0.25,0.703
618,2008-04-26,0.826,0.24,0.586
619,2008-04-27,0.762,0.235,0.527
620,2008-04-28,0.635,0.326,0.309
621,2008-04-29,0.635,0.601,0.03400000000000003
622,2008-04-30,0.635,1.328,-0.6930000000000001
623,2008-01-05,0.953,2.687,-1.734
624,2008-02-05,1.7790000000000001,6.143,-4.364
625,2008-03-05,3.113,10.459000000000001,-7.346000000000002
626,2008-04-05,6.226,11.55,-5.324000000000001
627,2008-05-05,5.845,10.325999999999999,-4.480999999999999
628,2008-06-05,5.9079999999999995,5.611000000000001,0.2969999999999988
629,2008-07-05,4.1930000000000005,3.91,0.28300000000000036
630,2008-08-05,3.5580000000000003,3.8,-0.24199999999999955
631,2008-09-05,3.6210000000000004,4.685,-1.0639999999999992
632,2008-10-05,4.447,6.627000000000001,-2.1800000000000006
633,2008-11-05,4.129,4.7989999999999995,-0.6699999999999999
634,2008-12-05,4.002,3.758,0.24399999999999977
635,2008-05-13,3.4939999999999998,3.273,0.22099999999999964
636,2008-05-14,2.668,2.864,-0.19599999999999973
637,2008-05-15,2.287,2.7880000000000003,-0.5010000000000003
638,2008-05-16,2.033,2.697,-0.6640000000000001
639,2008-05-17,1.906,2.588,-0.6820000000000002
640,2008-05-18,1.715,2.475,-0.76
641,2008-05-19,1.588,2.46,-0.8719999999999999
642,2008-05-20,1.4609999999999999,2.616,-1.1550000000000002
643,2008-05-21,1.334,2.592,-1.258
644,2008-05-22,1.271,2.552,-1.2810000000000001
645,2008-05-23,1.271,2.7910000000000004,-1.5200000000000005
646,2008-05-24,1.334,3.2889999999999997,-1.9549999999999996
647,2008-05-25,1.3980000000000001,3.585,-2.187
648,2008-05-26,1.4609999999999999,3.795,-2.334
649,2008-05-27,1.969,4.047,-2.0779999999999994
650,2008-05-28,5.146,5.999,-0.8529999999999998
651,2008-05-29,9.402000000000001,10.096,-0.6939999999999991
652,2008-05-30,12.769,11.155,1.6140000000000008
653,2008-05-31,9.847000000000001,12.897,-3.049999999999999
654,2008-01-06,11.562000000000001,18.682000000000002,-7.120000000000001
655,2008-02-06,19.375999999999998,21.072,-1.6960000000000015
656,2008-03-06,15.628,16.521,-0.8930000000000007
657,2008-04-06,13.722000000000001,11.879000000000001,1.843
658,2008-05-06,12.895999999999999,11.559000000000001,1.336999999999998
659,2008-06-06,12.007,12.543,-0.5359999999999996
660,2008-07-06,9.974,10.765,-0.7910000000000004
661,2008-08-06,8.132,8.445,-0.3130000000000006
662,2008-09-06,6.099,6.27,-0.17099999999999937
663,2008-10-06,5.336,5.937,-0.601
664,2008-11-06,5.209,8.883,-3.6739999999999995
665,2008-12-06,5.718,10.189,-4.471
666,2008-06-13,6.671,11.062999999999999,-4.391999999999999
667,2008-06-14,8.449,11.418,-2.9689999999999994
668,2008-06-15,9.021,10.595999999999998,-1.5749999999999975
669,2008-06-16,8.958,9.82,-0.8620000000000001
670,2008-06-17,9.974,10.181000000000001,-0.20700000000000074
671,2008-06-18,9.974,12.369000000000002,-2.3950000000000014
672,2008-06-19,9.529,14.897,-5.368
673,2008-06-20,13.214,15.493,-2.279
674,2008-06-21,30.113000000000003,19.299,10.814000000000004
675,2008-06-22,24.331999999999997,22.995,1.3369999999999962
676,2008-06-23,22.426,22.38,0.045999999999999375
677,2008-06-24,25.984,19.988,5.996000000000002
678,2008-06-25,28.779,29.051,-0.27199999999999847
679,2008-06-26,25.221,24.840999999999998,0.38000000000000256
680,2008-06-27,30.494,35.998000000000005,-5.504000000000005
681,2008-06-28,18.678,19.293,-0.6149999999999984
682,2008-06-29,14.548,14.569,-0.021000000000000796
683,2008-06-30,18.551,14.922,3.628999999999998
684,2008-01-07,29.351,22.436999999999998,6.9140000000000015
685,2008-02-07,27.508000000000003,29.223000000000003,-1.7149999999999999
686,2008-03-07,22.998,21.971999999999998,1.0260000000000034
687,2008-04-07,18.36,15.328,3.032
688,2008-05-07,13.975999999999999,9.754,4.2219999999999995
689,2008-06-07,13.341,7.933,5.4079999999999995
690,2008-07-07,13.849,9.517999999999999,4.331000000000001
691,2008-08-07,13.659,11.154000000000002,2.504999999999999
692,2008-09-07,12.579,11.177999999999999,1.4010000000000016
693,2008-10-07,12.261,10.475,1.7859999999999996
694,2008-11-07,11.626,10.357000000000001,1.2689999999999984
695,2008-12-07,13.087,12.169,0.9179999999999993
696,2008-07-13,15.692,15.745,-0.05299999999999905
697,2008-07-14,17.660999999999998,17.246,0.41499999999999915
698,2008-07-15,22.235,17.621,4.614000000000001
699,2008-07-16,30.875,30.3,0.5749999999999993
700,2008-07-17,23.569000000000003,23.541999999999998,0.027000000000004576
701,2008-07-18,17.344,23.144000000000002,-5.800000000000001
702,2008-07-19,15.946,20.919,-4.973000000000001
703,2008-07-20,19.375999999999998,20.71,-1.3340000000000032
704,2008-07-21,22.362,25.241999999999997,-2.879999999999999
705,2008-07-22,36.339,32.035,4.304000000000002
706,2008-07-23,38.944,47.648999999999994,-8.704999999999991
707,2008-07-24,37.673,24.45,13.223000000000003
708,2008-07-25,33.226,20.164,13.061999999999998
709,2008-07-26,27.254,18.345,8.909000000000002
710,2008-07-27,20.139,16.009,4.129999999999999
711,2008-07-28,18.678,15.877,2.801
712,2008-07-29,17.598,15.568,2.0299999999999994
713,2008-07-30,20.838,15.715,5.123000000000001
714,2008-07-31,15.184000000000001,14.87,0.31400000000000183
715,2008-01-08,10.609000000000002,11.927,-1.3179999999999978
716,2008-02-08,10.038,10.517000000000001,-0.479000000000001
717,2008-03-08,9.021,8.333,0.6880000000000006
718,2008-04-08,9.085,7.641,1.4440000000000008
719,2008-05-08,10.038,10.964,-0.9260000000000002
720,2008-06-08,9.212,13.34,-4.128
721,2008-07-08,8.767000000000001,11.722000000000001,-2.955
722,2008-08-08,8.259,9.113,-0.8539999999999992
723,2008-09-08,7.496,7.947,-0.4509999999999996
724,2008-10-08,7.178999999999999,8.458,-1.2790000000000008
725,2008-11-08,8.005,9.533,-1.5279999999999987
726,2008-12-08,13.087,14.234000000000002,-1.147000000000002
727,2008-08-13,10.673,16.902,-6.229000000000001
728,2008-08-14,11.372,15.038,-3.6660000000000004
729,2008-08-15,13.913,13.985999999999999,-0.07299999999999862
730,2008-08-16,11.88,13.165999999999999,-1.2859999999999978
731,2008-08-17,17.725,13.508,4.217000000000002
732,2008-08-18,12.134,13.217,-1.0830000000000002
733,2008-08-19,13.595,12.773,0.822000000000001
734,2008-08-20,15.12,13.509,1.6109999999999989
735,2008-08-21,12.007,13.825999999999999,-1.818999999999999
736,2008-08-22,13.087,16.871,-3.783999999999999
737,2008-08-23,11.944,17.651,-5.706999999999999
738,2008-08-24,9.72,14.020999999999999,-4.300999999999998
739,2008-08-25,8.767000000000001,12.933,-4.165999999999999
740,2008-08-26,9.974,14.056,-4.081999999999999
741,2008-08-27,9.656,14.958,-5.302
742,2008-08-28,7.877999999999999,14.269,-6.391000000000001
743,2008-08-29,6.353,11.91,-5.557
744,2008-08-30,5.718,12.044,-6.3260000000000005
745,2008-08-31,6.416,9.804,-3.388
746,2008-01-09,8.005,9.288,-1.2829999999999995
747,2008-02-09,6.734,9.587,-2.8529999999999998
748,2008-03-09,6.289,7.4910000000000005,-1.2020000000000008
749,2008-04-09,5.781000000000001,6.54,-0.7589999999999995
750,2008-05-09,8.894,8.332,0.5619999999999994
751,2008-06-09,10.419,9.662,0.7569999999999997
752,2008-07-09,8.64,8.571,0.06900000000000084
753,2008-08-09,13.405,9.742,3.6629999999999985
754,2008-09-09,9.529,10.482999999999999,-0.9539999999999988
755,2008-10-09,7.115,8.646,-1.5310000000000006
756,2008-11-09,6.226,8.716000000000001,-2.490000000000001
757,2008-12-09,5.4639999999999995,9.422,-3.958000000000001
758,2008-09-13,4.828,8.536,-3.7079999999999993
759,2008-09-14,4.511,7.629,-3.1179999999999994
760,2008-09-15,4.32,7.494,-3.1739999999999995
761,2008-09-16,5.019,8.502,-3.4830000000000005
762,2008-09-17,5.019,9.628,-4.609
763,2008-09-18,4.828,9.397,-4.569
764,2008-09-19,4.1930000000000005,8.356,-4.162999999999999
765,2008-09-20,5.209,8.455,-3.2460000000000004
766,2008-09-21,6.035,9.193,-3.1579999999999995
767,2008-09-22,12.388,13.394,-1.0060000000000002
768,2008-09-23,12.642000000000001,15.040999999999999,-2.3989999999999974
769,2008-09-24,12.007,15.17,-3.1630000000000003
770,2008-09-25,7.941,12.02,-4.079
771,2008-09-26,7.687,8.353,-0.6659999999999995
772,2008-09-27,10.735999999999999,9.426,1.3099999999999987
773,2008-09-28,8.132,10.183,-2.051
774,2008-09-29,9.72,15.152000000000001,-5.432
775,2008-09-30,7.369,13.535,-6.166
776,2008-01-10,5.146,6.693,-1.5469999999999997
777,2008-02-10,4.129,4.871,-0.7420000000000009
778,2008-03-10,3.5580000000000003,4.0,-0.4419999999999997
779,2008-04-10,3.113,3.68,-0.5670000000000002
780,2008-05-10,2.859,3.508,-0.649
781,2008-06-10,2.986,3.648,-0.6619999999999999
782,2008-07-10,3.4939999999999998,4.4510000000000005,-0.9570000000000007
783,2008-08-10,3.812,5.191,-1.379
784,2008-09-10,3.24,4.781000000000001,-1.5410000000000004
785,2008-10-10,3.176,4.427,-1.2509999999999994
786,2008-11-10,3.5580000000000003,5.211,-1.653
787,2008-12-10,4.002,6.022,-2.0200000000000005
788,2008-10-13,3.367,5.983,-2.6159999999999997
789,2008-10-14,2.986,5.249,-2.2629999999999995
790,2008-10-15,2.795,4.461,-1.6660000000000004
791,2008-10-16,2.605,3.7739999999999996,-1.1689999999999996
792,2008-10-17,2.287,3.5469999999999997,-1.2599999999999998
793,2008-10-18,2.224,3.38,-1.1559999999999997
794,2008-10-19,2.096,3.2030000000000003,-1.1070000000000002
795,2008-10-20,2.033,3.06,-1.0270000000000001
796,2008-10-21,2.16,2.99,-0.8300000000000001
797,2008-10-22,2.478,3.627,-1.1489999999999996
798,2008-10-23,2.351,4.053999999999999,-1.7029999999999994
799,2008-10-24,2.414,4.016,-1.6019999999999999
800,2008-10-25,2.351,4.258,-1.907
801,2008-10-26,2.16,3.938,-1.778
802,2008-10-27,1.969,3.69,-1.7209999999999999
803,2008-10-28,1.906,3.426,-1.5200000000000002
804,2008-10-29,1.8419999999999999,3.216,-1.3740000000000003
805,2008-10-30,1.715,3.0580000000000003,-1.3430000000000002
806,2008-10-31,1.588,2.8689999999999998,-1.2809999999999997
807,2008-01-11,1.4609999999999999,2.69,-1.229
808,2008-02-11,1.525,2.521,-0.996
809,2008-03-11,1.652,2.501,-0.849
810,2008-04-11,1.8419999999999999,2.47,-0.6280000000000003
811,2008-05-11,2.668,2.6489999999999996,0.019000000000000572
812,2008-06-11,2.287,2.562,-0.2749999999999999
813,2008-07-11,2.096,2.452,-0.35599999999999987
814,2008-08-11,1.969,2.456,-0.4869999999999999
815,2008-09-11,2.033,2.531,-0.4980000000000002
816,2008-10-11,2.033,2.6039999999999996,-0.5709999999999997
817,2008-11-11,1.8419999999999999,2.6180000000000003,-0.7760000000000005
818,2008-12-11,1.715,2.54,-0.825
819,2008-11-13,1.588,2.407,-0.819
820,2008-11-14,1.525,2.2640000000000002,-0.7390000000000003
821,2008-11-15,1.334,2.129,-0.7949999999999999
822,2008-11-16,1.4609999999999999,2.011,-0.5500000000000003
823,2008-11-17,1.525,1.8980000000000001,-0.3730000000000002
824,2008-11-18,1.3980000000000001,1.79,-0.3919999999999999
825,2008-11-19,1.271,1.683,-0.41200000000000014
826,2008-11-20,1.271,1.584,-0.31300000000000017
827,2008-11-21,1.334,1.514,-0.17999999999999994
828,2008-11-22,1.271,1.454,-0.18300000000000005
829,2008-11-23,1.207,1.3769999999999998,-0.1699999999999997
830,2008-11-24,1.08,1.2919999999999998,-0.21199999999999974
831,2008-11-25,1.08,1.212,-0.1319999999999999
832,2008-11-26,1.016,1.138,-0.12199999999999989
833,2008-11-27,1.016,1.067,-0.050999999999999934
834,2008-11-28,0.953,1.001,-0.04799999999999993
835,2008-11-29,0.953,0.9390000000000001,0.013999999999999901
836,2008-11-30,0.889,0.8809999999999999,0.008000000000000118
837,2008-01-12,0.889,0.8270000000000001,0.061999999999999944
838,2008-02-12,0.889,0.777,0.11199999999999999
839,2008-03-12,0.889,0.73,0.15900000000000003
840,2008-04-12,0.826,0.685,0.1409999999999999
841,2008-05-12,0.826,0.643,0.18299999999999994
842,2008-06-12,0.762,0.604,0.15800000000000003
843,2008-07-12,0.762,0.5670000000000001,0.19499999999999995
844,2008-08-12,0.762,0.532,0.22999999999999998
845,2008-09-12,0.762,0.499,0.263
846,2008-10-12,0.6990000000000001,0.473,0.2260000000000001
847,2008-11-12,0.6990000000000001,0.449,0.25000000000000006
848,2008-12-12,0.6990000000000001,0.42200000000000004,0.277
849,2008-12-13,0.6990000000000001,0.396,0.30300000000000005
850,2008-12-14,0.6990000000000001,0.371,0.32800000000000007
851,2008-12-15,0.635,0.349,0.28600000000000003
852,2008-12-16,0.635,0.327,0.308
853,2008-12-17,0.635,0.326,0.309
854,2008-12-18,0.635,0.392,0.243
855,2008-12-19,0.635,0.48100000000000004,0.15399999999999997
856,2008-12-20,0.635,0.541,0.09399999999999997
857,2008-12-21,0.635,0.551,0.08399999999999996
858,2008-12-22,0.5720000000000001,0.523,0.049000000000000044
859,2008-12-23,0.635,0.503,0.132
860,2008-12-24,0.635,0.493,0.14200000000000002
861,2008-12-25,0.6990000000000001,0.475,0.2240000000000001
862,2008-12-26,1.334,0.769,0.5650000000000001
863,2008-12-27,1.969,0.8240000000000001,1.145
864,2008-12-28,3.304,0.8370000000000001,2.4669999999999996
865,2008-12-29,13.151,2.068,11.083
866,2008-12-30,10.546,6.572,3.9739999999999993
867,2008-12-31,5.082,5.37,-0.28800000000000026
868,2009-01-01,3.049,2.804,0.2450000000000001
869,2009-02-01,2.287,1.849,0.43799999999999994
870,2009-03-01,2.033,1.6769999999999998,0.3560000000000001
871,2009-04-01,1.7790000000000001,1.609,0.17000000000000015
872,2009-05-01,1.715,1.5530000000000002,0.16199999999999992
873,2009-06-01,1.652,1.507,0.14500000000000002
874,2009-07-01,1.588,1.459,0.129
875,2009-08-01,1.8419999999999999,1.395,0.44699999999999984
876,2009-09-01,1.525,1.328,0.19699999999999984
877,2009-10-01,1.4609999999999999,1.261,0.19999999999999996
878,2009-11-01,1.588,1.239,0.349
879,2009-12-01,1.4609999999999999,1.263,0.19799999999999995
880,2009-01-13,1.334,1.2409999999999999,0.0930000000000002
881,2009-01-14,1.271,1.183,0.08799999999999986
882,2009-01-15,1.1440000000000001,1.125,0.019000000000000128
883,2009-01-16,1.08,1.06,0.020000000000000018
884,2009-01-17,0.953,0.997,-0.04400000000000004
885,2009-01-18,0.889,0.937,-0.04800000000000004
886,2009-01-19,0.826,0.8809999999999999,-0.05499999999999994
887,2009-01-20,0.826,0.828,-0.0020000000000000018
888,2009-01-21,0.826,0.778,0.04799999999999993
889,2009-01-22,0.826,0.731,0.09499999999999997
890,2009-01-23,0.762,0.687,0.07499999999999996
891,2009-01-24,0.6990000000000001,0.6459999999999999,0.05300000000000016
892,2009-01-25,0.635,0.607,0.028000000000000025
893,2009-01-26,0.635,0.5710000000000001,0.06399999999999995
894,2009-01-27,0.635,0.536,0.09899999999999998
895,2009-01-28,0.635,0.504,0.131
896,2009-01-29,0.5720000000000001,0.474,0.09800000000000009
897,2009-01-30,0.5720000000000001,0.445,0.12700000000000006
898,2009-01-31,0.5720000000000001,0.419,0.15300000000000008
899,2009-01-02,0.6990000000000001,0.45399999999999996,0.2450000000000001
900,2009-02-02,0.953,0.513,0.43999999999999995
901,2009-03-02,0.889,0.528,0.361
902,2009-04-02,0.826,0.511,0.31499999999999995
903,2009-05-02,0.762,0.483,0.279
904,2009-06-02,0.6990000000000001,0.45399999999999996,0.2450000000000001
905,2009-07-02,0.635,0.426,0.20900000000000002
906,2009-08-02,0.635,0.401,0.23399999999999999
907,2009-09-02,0.5720000000000001,0.379,0.19300000000000006
908,2009-10-02,0.5720000000000001,0.358,0.21400000000000008
909,2009-11-02,0.508,0.341,0.16699999999999998
910,2009-12-02,0.508,0.324,0.184
911,2009-02-13,0.508,0.305,0.203
912,2009-02-14,0.445,0.287,0.15800000000000003
913,2009-02-15,0.445,0.27,0.175
914,2009-02-16,0.445,0.253,0.192
915,2009-02-17,0.445,0.23800000000000002,0.207
916,2009-02-18,0.445,0.22399999999999998,0.22100000000000003
917,2009-02-19,0.445,0.21100000000000002,0.23399999999999999
918,2009-02-20,0.381,0.198,0.183
919,2009-02-21,0.445,0.18600000000000003,0.259
920,2009-02-22,0.381,0.17600000000000002,0.205
921,2009-02-23,0.381,0.16699999999999998,0.21400000000000002
922,2009-02-24,0.381,0.158,0.223
923,2009-02-25,0.508,0.149,0.359
924,2009-02-26,0.5720000000000001,0.17,0.402
925,2009-02-27,0.5720000000000001,0.195,0.37700000000000006
926,2009-02-28,0.508,0.19,0.318
927,2009-01-03,0.508,0.18100000000000002,0.32699999999999996
928,2009-02-03,0.445,0.17,0.275
929,2009-03-03,0.445,0.16,0.28500000000000003
930,2009-04-03,0.381,0.152,0.229
931,2009-05-03,0.381,0.14400000000000002,0.237
932,2009-06-03,0.381,0.135,0.246
933,2009-07-03,0.381,0.127,0.254
934,2009-08-03,0.381,0.11900000000000001,0.262
935,2009-09-03,0.318,0.11199999999999999,0.20600000000000002
936,2009-10-03,0.318,0.106,0.21200000000000002
937,2009-11-03,0.318,0.099,0.219
938,2009-12-03,0.318,0.09300000000000001,0.22499999999999998
939,2009-03-13,0.318,0.08800000000000001,0.22999999999999998
940,2009-03-14,0.318,0.083,0.235
941,2009-03-15,0.318,0.08,0.238
942,2009-03-16,0.318,0.077,0.241
943,2009-03-17,0.381,0.078,0.303
944,2009-03-18,0.445,0.084,0.361
945,2009-03-19,0.5720000000000001,0.1,0.4720000000000001
946,2009-03-20,0.826,0.141,0.6849999999999999
947,2009-03-21,0.889,0.185,0.704
948,2009-03-22,0.826,0.201,0.625
949,2009-03-23,0.6990000000000001,0.198,0.5010000000000001
950,2009-03-24,0.762,0.207,0.555
951,2009-03-25,0.6990000000000001,0.22699999999999998,0.4720000000000001
952,2009-03-26,0.635,0.22899999999999998,0.406
953,2009-03-27,0.5720000000000001,0.21600000000000003,0.35600000000000004
954,2009-03-28,0.635,0.203,0.432
955,2009-03-29,0.635,0.191,0.444
956,2009-03-30,0.635,0.179,0.456
957,2009-03-31,0.5720000000000001,0.16899999999999998,0.4030000000000001
958,2009-01-04,0.635,0.166,0.469
959,2009-02-04,0.635,0.17600000000000002,0.45899999999999996
960,2009-03-04,0.635,0.179,0.456
961,2009-04-04,0.5720000000000001,0.16899999999999998,0.4030000000000001
962,2009-05-04,0.5720000000000001,0.165,0.40700000000000003
963,2009-06-04,0.5720000000000001,0.16699999999999998,0.4050000000000001
964,2009-07-04,0.5720000000000001,0.16399999999999998,0.4080000000000001
965,2009-08-04,0.5720000000000001,0.154,0.41800000000000004
966,2009-09-04,0.508,0.145,0.363
967,2009-10-04,0.508,0.145,0.363
968,2009-11-04,0.508,0.215,0.29300000000000004
969,2009-12-04,0.5720000000000001,0.685,-0.11299999999999999
970,2009-04-13,0.762,1.614,-0.8520000000000001
971,2009-04-14,0.826,1.5759999999999998,-0.7499999999999999
972,2009-04-15,0.826,0.9740000000000001,-0.14800000000000013
973,2009-04-16,0.762,0.9279999999999999,-0.16599999999999993
974,2009-04-17,0.762,0.88,-0.118
975,2009-04-18,0.826,0.852,-0.026000000000000023
976,2009-04-19,1.08,0.826,0.2540000000000001
977,2009-04-20,1.334,0.807,0.527
978,2009-04-21,1.271,0.7879999999999999,0.483
979,2009-04-22,1.207,0.774,0.43300000000000005
980,2009-04-23,1.334,1.1640000000000001,0.16999999999999993
981,2009-04-24,1.271,1.234,0.03699999999999992
982,2009-04-25,1.207,1.35,-0.14300000000000002
983,2009-04-26,1.08,1.758,-0.6779999999999999
984,2009-04-27,1.016,1.653,-0.637
985,2009-04-28,0.889,1.5659999999999998,-0.6769999999999998
986,2009-04-29,0.826,1.652,-0.826
987,2009-04-30,0.762,1.814,-1.052
988,2009-01-05,0.826,1.975,-1.149
989,2009-02-05,1.906,3.431,-1.5250000000000001
990,2009-03-05,5.718,9.975,-4.257
991,2009-04-05,6.48,16.95,-10.469999999999999
992,2009-05-05,5.019,14.276,-9.257
993,2009-06-05,4.32,8.423,-4.103
994,2009-07-05,3.812,5.502000000000001,-1.6900000000000008
995,2009-08-05,3.24,5.003,-1.763
996,2009-09-05,3.304,6.849,-3.5450000000000004
997,2009-10-05,4.066,11.758,-7.691999999999999
998,2009-11-05,4.8919999999999995,13.677,-8.785
999,2009-12-05,7.178999999999999,17.742,-10.563000000000002
1000,2009-05-13,8.259,15.921,-7.661999999999999
1001,2009-05-14,6.353,10.549000000000001,-4.1960000000000015
1002,2009-05-15,6.9879999999999995,9.129,-2.141
1003,2009-05-16,7.369,7.492000000000001,-0.12300000000000111
1004,2009-05-17,7.115,6.112,1.0030000000000001
1005,2009-05-18,7.0520000000000005,6.1129999999999995,0.939000000000001
1006,2009-05-19,5.718,5.871,-0.15300000000000047
1007,2009-05-20,4.3839999999999995,5.346,-0.9620000000000006
1008,2009-05-21,5.336,6.707999999999999,-1.371999999999999
1009,2009-05-22,6.861000000000001,8.917,-2.055999999999999
1010,2009-05-23,8.449,11.112,-2.6630000000000003
1011,2009-05-24,8.576,14.272,-5.696
1012,2009-05-25,8.386000000000001,13.921,-5.534999999999998
1013,2009-05-26,12.261,16.941,-4.68
1014,2009-05-27,10.165,17.485,-7.32
1015,2009-05-28,9.72,19.689,-9.969
1016,2009-05-29,7.687,16.465,-8.777999999999999
1017,2009-05-30,26.111,13.722000000000001,12.389
1018,2009-05-31,43.708,18.913,24.794999999999998
1019,2009-01-06,40.024,24.326999999999998,15.697000000000003
1020,2009-02-06,16.899,19.823,-2.9239999999999995
1021,2009-03-06,11.118,15.357999999999999,-4.239999999999998
1022,2009-04-06,8.64,9.658,-1.017999999999999
1023,2009-05-06,6.671,6.343,0.3280000000000003
1024,2009-06-06,5.591,5.882000000000001,-0.29100000000000037
1025,2009-07-06,5.146,5.692,-0.5460000000000003
1026,2009-08-06,5.273,5.669,-0.3959999999999999
1027,2009-09-06,6.099,6.2410000000000005,-0.14200000000000035
1028,2009-10-06,7.242000000000001,9.446,-2.203999999999999
1029,2009-11-06,8.195,11.027000000000001,-2.8320000000000007
1030,2009-12-06,8.894,13.876,-4.981999999999999
1031,2009-06-13,10.735999999999999,13.947000000000001,-3.211000000000002
1032,2009-06-14,19.186,18.254,0.9319999999999986
1033,2009-06-15,23.506,23.438000000000002,0.06799999999999784
1034,2009-06-16,19.059,23.136999999999997,-4.077999999999996
1035,2009-06-17,13.024000000000001,16.567999999999998,-3.543999999999997
1036,2009-06-18,10.419,11.517000000000001,-1.0980000000000008
1037,2009-06-19,10.228,11.974,-1.7460000000000004
1038,2009-06-20,9.72,10.946,-1.225999999999999
1039,2009-06-21,8.704,9.9,-1.1959999999999997
1040,2009-06-22,9.021,9.121,-0.09999999999999964
1041,2009-06-23,10.355,11.685,-1.33
1042,2009-06-24,13.532,18.664,-5.1320000000000014
1043,2009-06-25,16.327,20.945999999999998,-4.618999999999996
1044,2009-06-26,17.598,17.96,-0.3620000000000019
1045,2009-06-27,14.04,15.338,-1.298
1046,2009-06-28,12.198,13.505,-1.3070000000000004
1047,2009-06-29,11.308,12.202,-0.8940000000000001
1048,2009-06-30,15.374,13.995,1.3790000000000013
1049,2009-01-07,24.459,19.471,4.9879999999999995
1050,2009-02-07,17.28,17.167,0.11299999999999955
1051,2009-03-07,11.626,12.822000000000001,-1.1960000000000015
1052,2009-04-07,9.275,11.61,-2.334999999999999
1053,2009-05-07,9.402000000000001,10.788,-1.3859999999999992
1054,2009-06-07,9.847000000000001,8.984,0.8630000000000013
1055,2009-07-07,8.958,9.15,-0.19200000000000017
1056,2009-08-07,8.958,9.826,-0.8680000000000003
1057,2009-09-07,10.673,12.828,-2.1549999999999994
1058,2009-10-07,15.184000000000001,19.097,-3.9130000000000003
1059,2009-11-07,26.491999999999997,28.125,-1.6330000000000027
1060,2009-12-07,27.254,28.634,-1.379999999999999
1061,2009-07-13,23.886999999999997,30.883000000000003,-6.996000000000006
1062,2009-07-14,23.441999999999997,31.142,-7.700000000000003
1063,2009-07-15,23.441999999999997,29.323,-5.881000000000004
1064,2009-07-16,15.819,19.438,-3.618999999999998
1065,2009-07-17,12.007,16.463,-4.456000000000001
1066,2009-07-18,20.075,17.884,2.190999999999999
1067,2009-07-19,19.504,17.562,1.9420000000000002
1068,2009-07-20,13.151,13.174000000000001,-0.023000000000001464
1069,2009-07-21,11.435,8.794,2.641
1070,2009-07-22,10.038,7.982,2.056
1071,2009-07-23,17.788,12.237,5.551
1072,2009-07-24,35.64,23.105999999999998,12.534000000000002
1073,2009-07-25,37.355,29.538,7.816999999999997
1074,2009-07-26,26.301,31.245,-4.944000000000003
1075,2009-07-27,27.953000000000003,27.3,0.6530000000000022
1076,2009-07-28,28.588,26.497,2.091000000000001
1077,2009-07-29,22.68,26.28,-3.6000000000000014
1078,2009-07-30,17.28,21.752,-4.471999999999998
1079,2009-07-31,17.471,20.284000000000002,-2.8130000000000024
1080,2009-01-08,20.012,24.851999999999997,-4.839999999999996
1081,2009-02-08,19.375999999999998,26.624000000000002,-7.248000000000005
1082,2009-03-08,19.948,25.896,-5.948
1083,2009-04-08,19.375999999999998,28.793000000000003,-9.417000000000005
1084,2009-05-08,18.614,26.236,-7.622
1085,2009-06-08,17.28,23.112,-5.831999999999997
1086,2009-07-08,16.454,22.094,-5.640000000000001
1087,2009-08-08,17.915,22.017,-4.102
1088,2009-09-08,20.584,21.596,-1.0120000000000005
1089,2009-10-08,17.471,23.08,-5.608999999999998
1090,2009-11-08,13.722000000000001,22.311,-8.588999999999999
1091,2009-12-08,14.929,25.465999999999998,-10.536999999999997
1092,2009-08-13,14.993,21.423000000000002,-6.4300000000000015
1093,2009-08-14,12.388,16.904,-4.516
1094,2009-08-15,9.402000000000001,14.12,-4.717999999999998
1095,2009-08-16,9.021,12.823,-3.8019999999999996
1096,2009-08-17,8.322000000000001,11.815999999999999,-3.493999999999998
1097,2009-08-18,9.085,9.993,-0.9079999999999995
1098,2009-08-19,10.482000000000001,8.869,1.6130000000000013
1099,2009-08-20,9.529,9.453,0.07600000000000051
1100,2009-08-21,10.228,10.91,-0.6820000000000004
1101,2009-08-22,17.598,14.856,2.741999999999999
1102,2009-08-23,16.264,19.408,-3.144000000000002
1103,2009-08-24,11.245,21.058000000000003,-9.813000000000004
1104,2009-08-25,10.673,19.222,-8.549000000000001
1105,2009-08-26,8.64,14.737,-6.0969999999999995
1106,2009-08-27,7.496,10.651,-3.1549999999999994
1107,2009-08-28,9.021,9.652000000000001,-0.6310000000000002
1108,2009-08-29,20.202,13.306,6.896000000000003
1109,2009-08-30,25.285,18.105,7.18
1110,2009-08-31,16.518,18.647000000000002,-2.1290000000000013
1111,2009-01-09,13.975999999999999,18.775,-4.7989999999999995
1112,2009-02-09,13.595,18.762999999999998,-5.1679999999999975
1113,2009-03-09,15.184000000000001,27.828000000000003,-12.644000000000002
1114,2009-04-09,10.927,21.26,-10.333000000000002
1115,2009-05-09,10.228,18.892,-8.664
1116,2009-06-09,10.482000000000001,15.599,-5.116999999999999
1117,2009-07-09,7.306,12.925,-5.619000000000001
1118,2009-08-09,6.671,13.133,-6.461999999999999
1119,2009-09-09,9.974,14.276,-4.302
1120,2009-10-09,40.659,20.02,20.639
1121,2009-11-09,22.744,21.988000000000003,0.7559999999999967
1122,2009-12-09,12.325,17.461,-5.135999999999999
1123,2009-09-13,10.228,14.533,-4.305
1124,2009-09-14,22.68,12.630999999999998,10.049000000000001
1125,2009-09-15,24.586,13.030999999999999,11.555
1126,2009-09-16,14.993,14.604000000000001,0.38899999999999935
1127,2009-09-17,14.104000000000001,15.238,-1.1339999999999986
1128,2009-09-18,9.656,12.443,-2.786999999999999
1129,2009-09-19,7.814,7.603,0.2110000000000003
1130,2009-09-20,15.819,8.93,6.889000000000001
1131,2009-09-21,21.473000000000003,14.030999999999999,7.442000000000004
1132,2009-09-22,10.864,13.91,-3.0459999999999994
1133,2009-09-23,16.2,17.817999999999998,-1.6179999999999986
1134,2009-09-24,14.104000000000001,18.371,-4.266999999999998
1135,2009-09-25,8.831,11.623,-2.792
1136,2009-09-26,14.866,10.485,4.381
1137,2009-09-27,12.134,12.53,-0.395999999999999
1138,2009-09-28,8.259,9.961,-1.702
1139,2009-09-29,6.861000000000001,7.2,-0.3389999999999995
1140,2009-09-30,6.289,5.936,0.35299999999999976
1141,2009-01-10,5.654,5.008,0.6459999999999999
1142,2009-02-10,4.828,4.186,0.6420000000000003
1143,2009-03-10,4.129,3.739,0.3899999999999997
1144,2009-04-10,3.5580000000000003,3.522,0.036000000000000476
1145,2009-05-10,3.24,3.315,-0.07499999999999973
1146,2009-06-10,2.986,3.1180000000000003,-0.13200000000000012
1147,2009-07-10,2.7319999999999998,2.917,-0.18500000000000005
1148,2009-08-10,2.668,2.7289999999999996,-0.0609999999999995
1149,2009-09-10,2.7319999999999998,2.582,0.1499999999999999
1150,2009-10-10,2.7319999999999998,2.496,0.23599999999999977
1151,2009-11-10,2.541,2.403,0.1379999999999999
1152,2009-12-10,2.414,2.278,0.13600000000000012
1153,2009-10-13,2.287,2.153,0.1339999999999999
1154,2009-10-14,2.224,2.031,0.19300000000000006
1155,2009-10-15,6.861000000000001,2.0380000000000003,4.823
1156,2009-10-16,14.739,2.943,11.796000000000001
1157,2009-10-17,9.339,3.52,5.819000000000001
1158,2009-10-18,8.831,3.55,5.281
1159,2009-10-19,12.388,6.744,5.644
1160,2009-10-20,8.322000000000001,6.706,1.6160000000000005
1161,2009-10-21,5.972,4.356,1.6160000000000005
1162,2009-10-22,4.638,3.411,1.2269999999999999
1163,2009-10-23,3.748,2.807,0.9410000000000003
1164,2009-10-24,3.113,2.6689999999999996,0.4440000000000004
1165,2009-10-25,2.795,2.537,0.258
1166,2009-10-26,2.605,2.397,0.20800000000000018
1167,2009-10-27,2.414,2.276,0.13800000000000034
1168,2009-10-28,2.287,2.167,0.1200000000000001
1169,2009-10-29,2.224,2.055,0.16900000000000004
1170,2009-10-30,2.096,1.94,0.15600000000000014
1171,2009-10-31,2.16,1.8219999999999998,0.3380000000000003
1172,2009-01-11,3.5580000000000003,1.966,1.5920000000000003
1173,2009-02-11,3.304,2.017,1.287
1174,2009-03-11,2.9219999999999997,2.006,0.9159999999999999
1175,2009-04-11,2.478,2.154,0.3240000000000003
1176,2009-05-11,2.16,2.214,-0.053999999999999826
1177,2009-06-11,2.033,2.18,-0.14700000000000024
1178,2009-07-11,1.906,2.089,-0.18300000000000005
1179,2009-08-11,1.715,1.976,-0.2609999999999999
1180,2009-09-11,1.652,1.86,-0.20800000000000018
1181,2009-10-11,1.525,1.755,-0.22999999999999998
1182,2009-11-11,1.4609999999999999,1.655,-0.19400000000000017
1183,2009-12-11,1.334,1.555,-0.22099999999999986
1184,2009-11-13,1.271,1.46,-0.18900000000000006
1185,2009-11-14,1.1440000000000001,1.3719999999999999,-0.22799999999999976
1186,2009-11-15,1.08,1.2890000000000001,-0.20900000000000007
1187,2009-11-16,1.08,1.244,-0.16399999999999992
1188,2009-11-17,1.016,1.3,-0.28400000000000003
1189,2009-11-18,0.953,1.393,-0.44000000000000006
1190,2009-11-19,0.889,1.41,-0.5209999999999999
1191,2009-11-20,0.889,1.351,-0.46199999999999997
1192,2009-11-21,0.826,1.294,-0.4680000000000001
1193,2009-11-22,0.826,1.268,-0.44200000000000006
1194,2009-11-23,0.762,1.2329999999999999,-0.47099999999999986
1195,2009-11-24,0.762,1.172,-0.4099999999999999
1196,2009-11-25,0.762,1.1179999999999999,-0.35599999999999987
1197,2009-11-26,0.6990000000000001,1.114,-0.41500000000000004
1198,2009-11-27,0.6990000000000001,1.095,-0.3959999999999999
1199,2009-11-28,0.6990000000000001,1.148,-0.44899999999999984
1200,2009-11-29,0.6990000000000001,1.186,-0.4869999999999999
1201,2009-11-30,0.635,1.136,-0.5009999999999999
1202,2009-01-12,0.635,1.075,-0.43999999999999995
1203,2009-02-12,0.762,1.054,-0.29200000000000004
1204,2009-03-12,0.762,1.036,-0.274
1205,2009-04-12,0.762,0.982,-0.21999999999999997
1206,2009-05-12,0.6990000000000001,0.9229999999999999,-0.22399999999999987
1207,2009-06-12,0.635,0.868,-0.23299999999999998
1208,2009-07-12,0.5720000000000001,0.816,-0.24399999999999988
1209,2009-08-12,0.5720000000000001,0.773,-0.20099999999999996
1210,2009-09-12,0.508,0.733,-0.22499999999999998
1211,2009-10-12,0.508,0.6890000000000001,-0.18100000000000005
1212,2009-11-12,0.508,0.647,-0.139
1213,2009-12-12,0.6990000000000001,0.7240000000000001,-0.025000000000000022
1214,2009-12-13,0.889,0.8190000000000001,0.06999999999999995
1215,2009-12-14,0.6990000000000001,0.818,-0.11899999999999988
1216,2009-12-15,0.5720000000000001,0.769,-0.19699999999999995
1217,2009-12-16,0.5720000000000001,0.731,-0.15899999999999992
1218,2009-12-17,0.5720000000000001,0.696,-0.12399999999999989
1219,2009-12-18,0.5720000000000001,0.68,-0.10799999999999998
1220,2009-12-19,0.635,0.6759999999999999,-0.040999999999999925
1221,2009-12-20,0.5720000000000001,0.648,-0.07599999999999996
1222,2009-12-21,0.508,0.609,-0.10099999999999998
1223,2009-12-22,0.508,0.573,-0.06499999999999995
1224,2009-12-23,0.508,0.539,-0.031000000000000028
1225,2009-12-24,0.508,0.506,0.0020000000000000018
1226,2009-12-25,0.381,0.47600000000000003,-0.09500000000000003
1227,2009-12-26,0.381,0.44799999999999995,-0.06699999999999995
1228,2009-12-27,0.318,0.42100000000000004,-0.10300000000000004
1229,2009-12-28,0.318,0.396,-0.07800000000000001
1230,2009-12-29,0.318,0.37200000000000005,-0.05400000000000005
1231,2009-12-30,0.318,0.35,-0.03199999999999997
1232,2009-12-31,0.318,0.32899999999999996,-0.010999999999999954
1233,2010-01-01,0.254,0.31,-0.055999999999999994
1234,2010-02-01,0.254,0.29100000000000004,-0.03700000000000003
1235,2010-03-01,0.318,0.293,0.025000000000000022
1236,2010-04-01,0.318,0.29600000000000004,0.021999999999999964
1237,2010-05-01,0.254,0.27899999999999997,-0.024999999999999967
1238,2010-06-01,0.254,0.263,-0.009000000000000008
1239,2010-07-01,0.254,0.247,0.007000000000000006
1240,2010-08-01,0.318,0.235,0.08300000000000002
1241,2010-09-01,0.318,0.22899999999999998,0.08900000000000002
1242,2010-10-01,0.635,0.335,0.3
1243,2010-11-01,1.1440000000000001,0.5,0.6440000000000001
1244,2010-12-01,1.08,0.563,0.5170000000000001
1245,2010-01-13,1.016,0.56,0.45599999999999996
1246,2010-01-14,0.826,0.583,0.243
1247,2010-01-15,0.635,0.611,0.02400000000000002
1248,2010-01-16,0.5720000000000001,0.598,-0.025999999999999912
1249,2010-01-17,0.508,0.563,-0.05499999999999994
1250,2010-01-18,0.445,0.529,-0.08400000000000002
1251,2010-01-19,0.381,0.498,-0.11699999999999999
1252,2010-01-20,0.381,0.47100000000000003,-0.09000000000000002
1253,2010-01-21,0.508,0.525,-0.017000000000000015
1254,2010-01-22,0.508,0.579,-0.07099999999999995
1255,2010-01-23,0.381,0.5670000000000001,-0.18600000000000005
1256,2010-01-24,0.381,0.534,-0.15300000000000002
1257,2010-01-25,0.318,0.502,-0.184
1258,2010-01-26,0.318,0.47200000000000003,-0.15400000000000003
1259,2010-01-27,0.381,0.452,-0.07100000000000001
1260,2010-01-28,0.381,0.43799999999999994,-0.05699999999999994
1261,2010-01-29,0.508,0.41600000000000004,0.09199999999999997
1262,2010-01-30,0.445,0.392,0.05299999999999999
1263,2010-01-31,0.381,0.368,0.013000000000000012
1264,2010-01-02,0.318,0.34700000000000003,-0.029000000000000026
1265,2010-02-02,0.318,0.326,-0.008000000000000007
1266,2010-03-02,0.318,0.307,0.01100000000000001
1267,2010-04-02,0.254,0.289,-0.034999999999999976
1268,2010-05-02,0.254,0.271,-0.017000000000000015
1269,2010-06-02,0.318,0.258,0.06
1270,2010-07-02,0.445,0.28,0.16499999999999998
1271,2010-08-02,0.445,0.309,0.136
1272,2010-09-02,0.381,0.301,0.08000000000000002
1273,2010-10-02,0.318,0.284,0.03400000000000003
1274,2010-11-02,0.318,0.267,0.05099999999999999
1275,2010-12-02,0.318,0.251,0.067
1276,2010-02-13,0.381,0.252,0.129
1277,2010-02-14,0.5720000000000001,0.271,0.30100000000000005
1278,2010-02-15,0.635,0.297,0.338
1279,2010-02-16,0.5720000000000001,0.307,0.26500000000000007
1280,2010-02-17,0.508,0.29100000000000004,0.21699999999999997
1281,2010-02-18,0.381,0.27399999999999997,0.10700000000000004
1282,2010-02-19,0.381,0.258,0.123
1283,2010-02-20,0.318,0.242,0.07600000000000001
1284,2010-02-21,0.318,0.228,0.09
1285,2010-02-22,0.318,0.214,0.10400000000000001
1286,2010-02-23,0.254,0.20199999999999999,0.05200000000000002
1287,2010-02-24,0.254,0.19,0.064
1288,2010-02-25,0.254,0.18,0.07400000000000001
1289,2010-02-26,0.254,0.17,0.08399999999999999
1290,2010-02-27,0.254,0.16,0.094
1291,2010-02-28,0.254,0.153,0.101
1292,2010-01-03,0.254,0.146,0.10800000000000001
1293,2010-02-03,0.254,0.142,0.11200000000000002
1294,2010-03-03,0.254,0.138,0.11599999999999999
1295,2010-04-03,0.254,0.134,0.12
1296,2010-05-03,0.318,0.142,0.17600000000000002
1297,2010-06-03,0.318,0.158,0.16
1298,2010-07-03,0.318,0.161,0.157
1299,2010-08-03,0.5720000000000001,0.201,0.37100000000000005
1300,2010-09-03,0.762,0.265,0.497
1301,2010-10-03,0.889,0.313,0.5760000000000001
1302,2010-11-03,0.953,0.344,0.609
1303,2010-12-03,1.08,0.363,0.7170000000000001
1304,2010-03-13,0.953,0.38299999999999995,0.5700000000000001
1305,2010-03-14,0.826,0.391,0.43499999999999994
1306,2010-03-15,0.6990000000000001,0.381,0.31800000000000006
1307,2010-03-16,0.5720000000000001,0.359,0.21300000000000008
1308,2010-03-17,0.5720000000000001,0.33899999999999997,0.2330000000000001
1309,2010-03-18,0.508,0.321,0.187
1310,2010-03-19,0.445,0.302,0.14300000000000002
1311,2010-03-20,0.445,0.284,0.16100000000000003
1312,2010-03-21,0.508,0.284,0.22400000000000003
1313,2010-03-22,0.6990000000000001,0.316,0.38300000000000006
1314,2010-03-23,0.6990000000000001,0.35200000000000004,0.34700000000000003
1315,2010-03-24,0.6990000000000001,0.36200000000000004,0.337
1316,2010-03-25,0.5720000000000001,0.34700000000000003,0.22500000000000003
1317,2010-03-26,0.5720000000000001,0.32799999999999996,0.2440000000000001
1318,2010-03-27,0.508,0.309,0.199
1319,2010-03-28,0.445,0.292,0.15300000000000002
1320,2010-03-29,0.445,0.275,0.16999999999999998
1321,2010-03-30,0.381,0.26,0.121
1322,2010-03-31,0.381,0.249,0.132
1323,2010-01-04,0.381,0.23800000000000002,0.143
1324,2010-02-04,0.381,0.23199999999999998,0.14900000000000002
1325,2010-03-04,0.381,0.258,0.123
1326,2010-04-04,0.381,0.28300000000000003,0.09799999999999998
1327,2010-05-04,0.318,0.29600000000000004,0.021999999999999964
1328,2010-06-04,0.318,0.32,-0.0020000000000000018
1329,2010-07-04,0.318,0.345,-0.02699999999999997
1330,2010-08-04,0.318,0.363,-0.044999999999999984
1331,2010-09-04,0.318,0.375,-0.056999999999999995
1332,2010-10-04,0.318,0.381,-0.063
1333,2010-11-04,0.318,0.389,-0.07100000000000001
1334,2010-12-04,0.381,0.519,-0.138
1335,2010-04-13,0.6990000000000001,0.737,-0.03799999999999992
1336,2010-04-14,0.762,0.809,-0.04700000000000004
1337,2010-04-15,0.826,0.8140000000000001,0.0119999999999999
1338,2010-04-16,0.826,0.8740000000000001,-0.048000000000000154
1339,2010-04-17,0.762,0.888,-0.126
1340,2010-04-18,0.635,0.8440000000000001,-0.20900000000000007
1341,2010-04-19,0.5720000000000001,0.794,-0.22199999999999998
1342,2010-04-20,0.508,0.753,-0.245
1343,2010-04-21,0.508,0.72,-0.21199999999999997
1344,2010-04-22,0.445,0.684,-0.23900000000000005
1345,2010-04-23,0.445,0.644,-0.199
1346,2010-04-24,0.445,0.61,-0.16499999999999998
1347,2010-04-25,0.445,0.579,-0.13399999999999995
1348,2010-04-26,0.381,0.547,-0.16600000000000004
1349,2010-04-27,0.445,0.527,-0.08200000000000002
1350,2010-04-28,0.5720000000000001,0.516,0.05600000000000005
1351,2010-04-29,0.762,0.51,0.252
1352,2010-04-30,0.6990000000000001,0.499,0.20000000000000007
1353,2010-01-05,0.635,0.48100000000000004,0.15399999999999997
1354,2010-02-05,0.5720000000000001,0.49200000000000005,0.08000000000000002
1355,2010-03-05,0.508,0.614,-0.10599999999999998
1356,2010-04-05,0.508,0.73,-0.22199999999999998
1357,2010-05-05,0.445,0.845,-0.39999999999999997
1358,2010-06-05,0.445,0.9179999999999999,-0.4729999999999999
1359,2010-07-05,0.445,0.9359999999999999,-0.49099999999999994
1360,2010-08-05,0.445,1.033,-0.5879999999999999
1361,2010-09-05,0.5720000000000001,1.389,-0.817
1362,2010-10-05,0.5720000000000001,1.443,-0.871
1363,2010-11-05,0.5720000000000001,1.536,-0.964
1364,2010-12-05,0.6990000000000001,1.925,-1.226
1365,2010-05-13,0.826,2.6180000000000003,-1.7920000000000003
1366,2010-05-14,1.588,3.82,-2.2319999999999998
1367,2010-05-15,4.638,8.384,-3.7460000000000004
1368,2010-05-16,25.729,14.992,10.736999999999998
1369,2010-05-17,45.931999999999995,19.535999999999998,26.395999999999997
1370,2010-05-18,40.468,30.651,9.817000000000004
1371,2010-05-19,25.031,26.228,-1.1970000000000027
1372,2010-05-20,19.758,19.562,0.19599999999999795
1373,2010-05-21,25.666,20.517,5.149000000000001
1374,2010-05-22,17.788,17.52,0.2680000000000007
1375,2010-05-23,17.852,17.121,0.7310000000000016
1376,2010-05-24,12.895999999999999,13.299000000000001,-0.40300000000000225
1377,2010-05-25,12.706,12.661,0.04499999999999993
1378,2010-05-26,14.231,14.163,0.06799999999999962
1379,2010-05-27,10.355,11.578,-1.222999999999999
1380,2010-05-28,9.466000000000001,10.051,-0.5849999999999991
1381,2010-05-29,9.911,12.512,-2.601000000000001
1382,2010-05-30,11.435,18.579,-7.144
1383,2010-05-31,12.895999999999999,19.609,-6.713000000000003
1384,2010-01-06,9.911,14.395,-4.484
1385,2010-02-06,6.671,8.941,-2.2700000000000005
1386,2010-03-06,7.941,12.549000000000001,-4.608000000000001
1387,2010-04-06,11.181,17.935,-6.754
1388,2010-05-06,8.513,11.804,-3.2910000000000004
1389,2010-06-06,5.781000000000001,5.907,-0.12599999999999945
1390,2010-07-06,4.8919999999999995,5.047,-0.15500000000000025
1391,2010-08-06,4.066,4.4830000000000005,-0.4170000000000007
1392,2010-09-06,3.748,4.186,-0.4379999999999997
1393,2010-10-06,3.9389999999999996,4.567,-0.6280000000000006
1394,2010-11-06,4.066,5.031000000000001,-0.9650000000000007
1395,2010-12-06,5.336,5.707000000000001,-0.37100000000000044
1396,2010-06-13,7.433,7.689,-0.2560000000000002
1397,2010-06-14,8.132,9.505,-1.373000000000001
1398,2010-06-15,7.496,8.886000000000001,-1.3900000000000006
1399,2010-06-16,10.482000000000001,10.338,0.1440000000000019
1400,2010-06-17,14.04,14.033,0.006999999999999673
1401,2010-06-18,13.087,15.434000000000001,-2.3470000000000013
1402,2010-06-19,19.375999999999998,21.544,-2.168000000000003
1403,2010-06-20,22.489,21.133000000000003,1.355999999999998
1404,2010-06-21,24.014,23.750999999999998,0.2630000000000017
1405,2010-06-22,16.454,16.907,-0.4529999999999994
1406,2010-06-23,18.105999999999998,11.161,6.9449999999999985
1407,2010-06-24,15.437999999999999,11.948,3.4899999999999984
1408,2010-06-25,13.722000000000001,11.163,2.559000000000001
1409,2010-06-26,28.016,19.436,8.579999999999998
1410,2010-06-27,38.435,44.998000000000005,-6.563000000000002
1411,2010-06-28,29.986,23.359,6.626999999999999
1412,2010-06-29,18.105999999999998,14.058,4.047999999999998
1413,2010-06-30,16.454,10.814,5.640000000000001
1414,2010-01-07,20.711,18.371,2.34
1415,2010-02-07,17.660999999999998,20.064,-2.4030000000000022
1416,2010-03-07,14.675,15.842,-1.1669999999999998
1417,2010-04-07,18.614,15.7,2.9140000000000015
1418,2010-05-07,24.141,24.419,-0.27800000000000225
1419,2010-06-07,32.972,40.109,-7.1370000000000005
1420,2010-07-07,25.158,31.245,-6.087
1421,2010-08-07,22.553,24.47,-1.916999999999998
1422,2010-09-07,30.811999999999998,32.818000000000005,-2.0060000000000073
1423,2010-10-07,24.331999999999997,31.639,-7.307000000000002
1424,2010-11-07,24.586,23.8,0.7859999999999978
1425,2010-12-07,25.475,21.493000000000002,3.9819999999999993
1426,2010-07-13,29.414,25.750999999999998,3.663000000000004
1427,2010-07-14,21.854,22.323,-0.4690000000000012
1428,2010-07-15,24.141,20.761,3.379999999999999
1429,2010-07-16,18.233,17.673,0.5600000000000023
1430,2010-07-17,18.169,16.688,1.4810000000000016
1431,2010-07-18,32.336,22.956999999999997,9.379000000000001
1432,2010-07-19,37.736,27.178,10.557999999999996
1433,2010-07-20,26.809,22.43,4.379000000000001
1434,2010-07-21,22.108,19.417,2.690999999999999
1435,2010-07-22,16.327,19.937,-3.6099999999999994
1436,2010-07-23,21.092,20.851999999999997,0.240000000000002
1437,2010-07-24,19.758,18.77,0.9879999999999995
1438,2010-07-25,15.565,16.047,-0.4820000000000011
1439,2010-07-26,15.692,17.874000000000002,-2.182000000000002
1440,2010-07-27,21.219,20.215999999999998,1.0030000000000037
1441,2010-07-28,29.414,36.604,-7.189999999999998
1442,2010-07-29,19.375999999999998,23.214000000000002,-3.8380000000000045
1443,2010-07-30,23.441999999999997,19.267,4.174999999999997
1444,2010-07-31,35.958,21.499000000000002,14.458999999999996
1445,2010-01-08,23.886999999999997,31.479,-7.592000000000002
1446,2010-02-08,19.122,23.553,-4.431000000000001
1447,2010-03-08,17.215999999999998,24.128,-6.912000000000003
1448,2010-04-08,14.993,20.36,-5.366999999999999
1449,2010-05-08,14.866,18.059,-3.1930000000000014
1450,2010-06-08,15.882,18.555999999999997,-2.6739999999999977
1451,2010-07-08,19.44,21.429000000000002,-1.9890000000000008
1452,2010-08-08,17.344,24.059,-6.715
1453,2010-09-08,13.659,20.72,-7.060999999999998
1454,2010-10-08,13.214,16.189,-2.9749999999999996
1455,2010-11-08,14.485,15.18,-0.6950000000000003
1456,2010-12-08,11.372,13.155,-1.7829999999999995
1457,2010-08-13,11.626,13.237,-1.6110000000000007
1458,2010-08-14,15.184000000000001,15.107000000000001,0.07699999999999996
1459,2010-08-15,23.695999999999998,26.43,-2.7340000000000018
1460,2010-08-16,12.895999999999999,18.277,-5.381000000000002
1461,2010-08-17,12.134,11.232000000000001,0.9019999999999992
1462,2010-08-18,8.64,8.307,0.3330000000000002
1463,2010-08-19,6.925,6.27,0.6550000000000002
1464,2010-08-20,6.607,6.011,0.5960000000000001
1465,2010-08-21,7.242000000000001,7.831,-0.5889999999999995
1466,2010-08-22,7.814,10.241,-2.4269999999999996
1467,2010-08-23,7.56,9.472999999999999,-1.9129999999999994
1468,2010-08-24,5.9079999999999995,7.391,-1.4830000000000005
1469,2010-08-25,4.7010000000000005,6.3020000000000005,-1.601
1470,2010-08-26,4.1930000000000005,5.9079999999999995,-1.714999999999999
1471,2010-08-27,4.066,5.731,-1.665
1472,2010-08-28,3.9389999999999996,5.725,-1.786
1473,2010-08-29,3.9389999999999996,5.925,-1.9860000000000002
1474,2010-08-30,3.875,6.63,-2.755
1475,2010-08-31,4.129,7.8420000000000005,-3.713000000000001
1476,2010-01-09,10.228,12.681,-2.4529999999999994
1477,2010-02-09,10.927,16.935,-6.007999999999999
1478,2010-03-09,6.353,12.335,-5.982000000000001
1479,2010-04-09,11.054,7.857,3.197
1480,2010-05-09,14.739,11.159,3.58
1481,2010-06-09,17.979,13.777000000000001,4.201999999999998
1482,2010-07-09,13.913,12.222999999999999,1.6900000000000013
1483,2010-08-09,10.546,9.968,0.5779999999999994
1484,2010-09-09,8.576,8.192,0.38400000000000034
1485,2010-10-09,9.656,10.412,-0.7560000000000002
1486,2010-11-09,8.894,13.274000000000001,-4.380000000000001
1487,2010-12-09,8.386000000000001,13.15,-4.763999999999999
1488,2010-09-13,12.515,12.84,-0.3249999999999993
1489,2010-09-14,13.849,14.718,-0.8689999999999998
1490,2010-09-15,13.722000000000001,14.478,-0.7559999999999985
1491,2010-09-16,17.725,13.517999999999999,4.2070000000000025
1492,2010-09-17,10.419,13.116,-2.696999999999999
1493,2010-09-18,7.369,11.582,-4.213000000000001
1494,2010-09-19,11.181,11.804,-0.6230000000000011
1495,2010-09-20,7.941,15.545,-7.604
1496,2010-09-21,6.162000000000001,13.703,-7.540999999999999
1497,2010-09-22,5.082,10.946,-5.864
1498,2010-09-23,4.256,10.28,-6.023999999999999
1499,2010-09-24,4.447,8.629,-4.1819999999999995
1500,2010-09-25,6.289,7.171,-0.8820000000000006
1501,2010-09-26,10.038,10.238,-0.1999999999999993
1502,2010-09-27,7.941,11.411,-3.4699999999999998
1503,2010-09-28,10.864,11.072000000000001,-0.20800000000000018
1504,2010-09-29,10.482000000000001,11.505,-1.0229999999999997
1505,2010-09-30,8.322000000000001,10.0,-1.677999999999999
1506,2010-01-10,6.289,8.274,-1.9849999999999994
1507,2010-02-10,4.638,7.6129999999999995,-2.9749999999999996
1508,2010-03-10,3.748,6.6370000000000005,-2.8890000000000002
1509,2010-04-10,3.4939999999999998,5.888,-2.394
1510,2010-05-10,4.8919999999999995,6.106,-1.2140000000000004
1511,2010-06-10,5.781000000000001,8.357000000000001,-2.5760000000000005
1512,2010-07-10,8.259,9.424,-1.1649999999999991
1513,2010-08-10,17.215999999999998,11.747,5.468999999999998
1514,2010-09-10,27.635,16.246,11.389000000000003
1515,2010-10-10,14.675,18.003,-3.3279999999999994
1516,2010-11-10,12.833,12.535,0.29800000000000004
1517,2010-12-10,8.005,6.438,1.567000000000001
1518,2010-10-13,6.289,5.228,1.061
1519,2010-10-14,4.828,4.466,0.3620000000000001
1520,2010-10-15,3.9389999999999996,3.823,0.11599999999999966
1521,2010-10-16,3.812,3.6060000000000003,0.20599999999999952
1522,2010-10-17,3.6210000000000004,3.428,0.1930000000000005
1523,2010-10-18,3.304,3.344,-0.040000000000000036
1524,2010-10-19,3.367,4.012,-0.6449999999999996
1525,2010-10-20,3.304,4.024,-0.7200000000000002
1526,2010-10-21,3.176,3.345,-0.16900000000000004
1527,2010-10-22,3.176,3.237,-0.06099999999999994
1528,2010-10-23,2.986,3.1189999999999998,-0.13299999999999956
1529,2010-10-24,2.986,3.074,-0.08799999999999963
1530,2010-10-25,2.7319999999999998,3.0410000000000004,-0.3090000000000006
1531,2010-10-26,2.351,2.9210000000000003,-0.5700000000000003
1532,2010-10-27,2.287,2.7539999999999996,-0.46699999999999964
1533,2010-10-28,2.16,2.589,-0.4289999999999998
1534,2010-10-29,2.096,2.436,-0.33999999999999986
1535,2010-10-30,1.906,2.293,-0.38700000000000023
1536,2010-10-31,1.7790000000000001,2.166,-0.3869999999999998
1537,2010-01-11,1.969,2.055,-0.08600000000000008
1538,2010-02-11,1.906,2.01,-0.10399999999999987
1539,2010-03-11,2.033,1.9469999999999998,0.08600000000000008
1540,2010-04-11,1.969,1.8330000000000002,0.1359999999999999
1541,2010-05-11,1.7790000000000001,1.722,0.05700000000000016
1542,2010-06-11,1.652,1.618,0.03399999999999981
1543,2010-07-11,1.525,1.518,0.006999999999999895
1544,2010-08-11,1.3980000000000001,1.425,-0.026999999999999913
1545,2010-09-11,1.3980000000000001,1.3519999999999999,0.04600000000000026
1546,2010-10-11,1.271,1.284,-0.013000000000000123
1547,2010-11-11,1.207,1.206,0.001000000000000112
1548,2010-12-11,1.271,1.1320000000000001,0.1389999999999998
1549,2010-11-13,1.207,1.068,0.139
1550,2010-11-14,1.207,1.0090000000000001,0.19799999999999995
1551,2010-11-15,1.207,0.9540000000000001,0.253
1552,2010-11-16,1.207,0.905,0.30200000000000005
1553,2010-11-17,1.1440000000000001,0.857,0.28700000000000014
1554,2010-11-18,1.334,0.871,0.4630000000000001
1555,2010-11-19,1.4609999999999999,1.013,0.44799999999999995
1556,2010-11-20,1.271,1.051,0.21999999999999997
1557,2010-11-21,1.207,0.9940000000000001,0.21299999999999997
1558,2010-11-22,1.1440000000000001,0.9640000000000001,0.18000000000000005
1559,2010-11-23,1.334,0.9590000000000001,0.375
1560,2010-11-24,1.525,0.953,0.572
1561,2010-11-25,1.334,0.9420000000000001,0.392
1562,2010-11-26,1.1440000000000001,0.9079999999999999,0.2360000000000002
1563,2010-11-27,1.08,0.8540000000000001,0.22599999999999998
1564,2010-11-28,1.016,0.802,0.21399999999999997
1565,2010-11-29,0.953,0.754,0.19899999999999995
1566,2010-11-30,1.016,0.72,0.29600000000000004
1567,2010-01-12,1.1440000000000001,0.7070000000000001,0.43700000000000006
1568,2010-02-12,1.271,0.703,0.568
1569,2010-03-12,1.3980000000000001,0.7490000000000001,0.649
1570,2010-04-12,1.207,0.763,0.44400000000000006
1571,2010-05-12,1.016,0.721,0.29500000000000004
1572,2010-06-12,0.889,0.68,0.20899999999999996
1573,2010-07-12,0.889,0.639,0.25
1574,2010-08-12,0.826,0.6,0.22599999999999998
1575,2010-09-12,0.762,0.5670000000000001,0.19499999999999995
1576,2010-10-12,0.762,0.536,0.22599999999999998
1577,2010-11-12,0.6990000000000001,0.504,0.19500000000000006
1578,2010-12-12,0.762,0.49200000000000005,0.26999999999999996
1579,2010-12-13,0.762,0.485,0.277
1580,2010-12-14,0.762,0.465,0.297
1581,2010-12-15,0.762,0.44299999999999995,0.31900000000000006
1582,2010-12-16,0.6990000000000001,0.419,0.2800000000000001
1583,2010-12-17,0.889,0.396,0.493
1584,2010-12-18,0.953,0.37200000000000005,0.581
1585,2010-12-19,0.826,0.349,0.477
1586,2010-12-20,0.6990000000000001,0.32799999999999996,0.3710000000000001
1587,2010-12-21,0.635,0.308,0.327
1588,2010-12-22,0.635,0.29,0.34500000000000003
1589,2010-12-23,0.635,0.275,0.36
1590,2010-12-24,0.6990000000000001,0.282,0.4170000000000001
1591,2010-12-25,0.762,0.31,0.452
1592,2010-12-26,0.826,0.326,0.49999999999999994
1593,2010-12-27,0.762,0.318,0.444
1594,2010-12-28,0.6990000000000001,0.302,0.3970000000000001
1595,2010-12-29,0.635,0.28300000000000003,0.352
1596,2010-12-30,0.635,0.266,0.369
1597,2010-12-31,0.762,0.272,0.49
1598,2011-01-01,0.953,0.306,0.647
1599,2011-02-01,0.953,0.33299999999999996,0.62
1600,2011-03-01,0.953,0.34600000000000003,0.607
1601,2011-04-01,0.826,0.34299999999999997,0.483
1602,2011-05-01,0.762,0.32299999999999995,0.43900000000000006
1603,2011-06-01,0.6990000000000001,0.304,0.3950000000000001
1604,2011-07-01,0.635,0.285,0.35000000000000003
1605,2011-08-01,0.635,0.268,0.367
1606,2011-09-01,0.5720000000000001,0.252,0.32000000000000006
1607,2011-10-01,0.5720000000000001,0.23800000000000002,0.3340000000000001
1608,2011-11-01,0.5720000000000001,0.23199999999999998,0.3400000000000001
1609,2011-12-01,0.5720000000000001,0.231,0.3410000000000001
1610,2011-01-13,0.5720000000000001,0.222,0.3500000000000001
1611,2011-01-14,0.508,0.209,0.29900000000000004
1612,2011-01-15,0.508,0.196,0.312
1613,2011-01-16,0.508,0.184,0.324
1614,2011-01-17,0.508,0.17300000000000001,0.33499999999999996
1615,2011-01-18,0.508,0.163,0.345
1616,2011-01-19,0.508,0.153,0.355
1617,2011-01-20,0.445,0.145,0.30000000000000004
1618,2011-01-21,0.445,0.136,0.309
1619,2011-01-22,0.508,0.132,0.376
1620,2011-01-23,0.5720000000000001,0.13699999999999998,0.43500000000000005
1621,2011-01-24,0.5720000000000001,0.157,0.41500000000000004
1622,2011-01-25,0.635,0.17800000000000002,0.45699999999999996
1623,2011-01-26,0.6990000000000001,0.182,0.5170000000000001
1624,2011-01-27,0.826,0.187,0.639
1625,2011-01-28,1.08,0.244,0.8360000000000001
1626,2011-01-29,1.08,0.299,0.7810000000000001
1627,2011-01-30,1.016,0.32,0.696
1628,2011-01-31,0.953,0.34,0.613
1629,2011-01-02,0.953,0.366,0.587
1630,2011-02-02,0.953,0.379,0.574
1631,2011-03-02,0.953,0.366,0.587
1632,2011-04-02,0.826,0.34600000000000003,0.4799999999999999
1633,2011-05-02,0.762,0.325,0.437
1634,2011-06-02,0.6990000000000001,0.306,0.39300000000000007
1635,2011-07-02,0.6990000000000001,0.28800000000000003,0.41100000000000003
1636,2011-08-02,0.6990000000000001,0.272,0.42700000000000005
1637,2011-09-02,0.6990000000000001,0.259,0.44000000000000006
1638,2011-10-02,0.6990000000000001,0.258,0.44100000000000006
1639,2011-11-02,0.762,0.282,0.48000000000000004
1640,2011-12-02,0.762,0.305,0.457
1641,2011-02-13,0.6990000000000001,0.298,0.4010000000000001
1642,2011-02-14,0.635,0.281,0.354
1643,2011-02-15,0.635,0.264,0.371
1644,2011-02-16,0.5720000000000001,0.248,0.32400000000000007
1645,2011-02-17,0.5720000000000001,0.233,0.3390000000000001
1646,2011-02-18,0.5720000000000001,0.21899999999999997,0.3530000000000001
1647,2011-02-19,0.5720000000000001,0.20600000000000002,0.36600000000000005
1648,2011-02-20,0.5720000000000001,0.19399999999999998,0.3780000000000001
1649,2011-02-21,0.508,0.182,0.326
1650,2011-02-22,0.508,0.171,0.33699999999999997
1651,2011-02-23,0.508,0.161,0.347
1652,2011-02-24,0.508,0.152,0.356
1653,2011-02-25,0.508,0.14300000000000002,0.365
1654,2011-02-26,0.508,0.134,0.374
1655,2011-02-27,0.445,0.136,0.309
1656,2011-02-28,0.508,0.14300000000000002,0.365
1657,2011-01-03,0.508,0.153,0.355
1658,2011-02-03,0.5720000000000001,0.16699999999999998,0.4050000000000001
1659,2011-03-03,0.826,0.198,0.6279999999999999
1660,2011-04-03,1.016,0.245,0.771
1661,2011-05-03,1.016,0.275,0.741
1662,2011-06-03,1.016,0.297,0.7190000000000001
1663,2011-07-03,0.953,0.307,0.6459999999999999
1664,2011-08-03,0.889,0.305,0.5840000000000001
1665,2011-09-03,0.762,0.308,0.454
1666,2011-10-03,0.6990000000000001,0.299,0.4000000000000001
1667,2011-11-03,0.635,0.282,0.35300000000000004
1668,2011-12-03,0.5720000000000001,0.265,0.30700000000000005
1669,2011-03-13,0.5720000000000001,0.258,0.31400000000000006
1670,2011-03-14,0.5720000000000001,0.259,0.31300000000000006
1671,2011-03-15,0.5720000000000001,0.257,0.31500000000000006
1672,2011-03-16,0.5720000000000001,0.247,0.32500000000000007
1673,2011-03-17,0.508,0.23399999999999999,0.274
1674,2011-03-18,0.508,0.221,0.28700000000000003
1675,2011-03-19,0.508,0.20800000000000002,0.3
1676,2011-03-20,0.508,0.195,0.313
1677,2011-03-21,0.508,0.192,0.316
1678,2011-03-22,0.508,0.203,0.305
1679,2011-03-23,0.635,0.21899999999999997,0.41600000000000004
1680,2011-03-24,0.762,0.248,0.514
1681,2011-03-25,0.889,0.287,0.6020000000000001
1682,2011-03-26,0.889,0.332,0.5569999999999999
1683,2011-03-27,0.889,0.37,0.519
1684,2011-03-28,0.826,0.377,0.44899999999999995
1685,2011-03-29,0.762,0.36700000000000005,0.39499999999999996
1686,2011-03-30,0.762,0.36200000000000004,0.39999999999999997
1687,2011-03-31,0.826,0.365,0.46099999999999997
1688,2011-01-04,0.826,0.364,0.46199999999999997
1689,2011-02-04,0.6990000000000001,0.35200000000000004,0.34700000000000003
1690,2011-03-04,0.6990000000000001,0.34700000000000003,0.35200000000000004
1691,2011-04-04,0.635,0.368,0.267
1692,2011-05-04,0.5720000000000001,0.405,0.16700000000000004
1693,2011-06-04,0.5720000000000001,0.434,0.13800000000000007
1694,2011-07-04,0.508,0.455,0.05299999999999999
1695,2011-08-04,0.508,0.478,0.030000000000000027
1696,2011-09-04,0.508,0.493,0.015000000000000013
1697,2011-10-04,0.635,0.516,0.119
1698,2011-11-04,0.762,0.633,0.129
1699,2011-12-04,0.762,0.765,-0.0030000000000000027
1700,2011-04-13,0.6990000000000001,0.845,-0.1459999999999999
1701,2011-04-14,0.6990000000000001,0.893,-0.19399999999999995
1702,2011-04-15,0.635,0.972,-0.33699999999999997
1703,2011-04-16,0.6990000000000001,1.1340000000000001,-0.43500000000000005
1704,2011-04-17,0.762,1.197,-0.43500000000000005
1705,2011-04-18,0.953,1.169,-0.21600000000000008
1706,2011-04-19,1.08,1.15,-0.06999999999999984
1707,2011-04-20,0.953,1.107,-0.15400000000000003
1708,2011-04-21,0.826,1.052,-0.2260000000000001
1709,2011-04-22,0.762,1.063,-0.30099999999999993
1710,2011-04-23,0.762,1.149,-0.387
1711,2011-04-24,0.762,1.245,-0.4830000000000001
1712,2011-04-25,0.953,1.93,-0.977
1713,2011-04-26,1.3980000000000001,3.255,-1.8569999999999998
1714,2011-04-27,1.525,3.591,-2.0660000000000003
1715,2011-04-28,1.4609999999999999,2.656,-1.1950000000000003
1716,2011-04-29,1.3980000000000001,2.234,-0.8359999999999999
1717,2011-04-30,1.271,2.155,-0.8839999999999999
1718,2011-01-05,1.1440000000000001,2.063,-0.919
1719,2011-02-05,1.08,1.9780000000000002,-0.8980000000000001
1720,2011-03-05,0.953,1.9180000000000001,-0.9650000000000002
1721,2011-04-05,0.953,1.8430000000000002,-0.8900000000000002
1722,2011-05-05,0.889,1.767,-0.8779999999999999
1723,2011-06-05,0.826,1.815,-0.989
1724,2011-07-05,0.826,1.8869999999999998,-1.061
1725,2011-08-05,0.889,1.935,-1.046
1726,2011-09-05,1.588,2.635,-1.0469999999999997
1727,2011-10-05,2.16,2.772,-0.6119999999999997
1728,2011-11-05,2.096,2.229,-0.133
1729,2011-12-05,2.033,2.144,-0.11100000000000021
1730,2011-05-13,2.033,2.08,-0.04700000000000015
1731,2011-05-14,2.224,2.181,0.04300000000000015
1732,2011-05-15,2.7319999999999998,3.3819999999999997,-0.6499999999999999
1733,2011-05-16,3.431,6.716,-3.285
1734,2011-05-17,4.447,8.731,-4.284
1735,2011-05-18,4.256,5.294,-1.0379999999999994
1736,2011-05-19,3.685,3.557,0.1280000000000001
1737,2011-05-20,3.748,3.2310000000000003,0.5169999999999999
1738,2011-05-21,4.447,4.481,-0.03399999999999981
1739,2011-05-22,7.115,8.112,-0.9969999999999999
1740,2011-05-23,9.72,12.200999999999999,-2.480999999999998
1741,2011-05-24,18.614,21.364,-2.75
1742,2011-05-25,20.202,21.956999999999997,-1.7549999999999955
1743,2011-05-26,17.026,18.889,-1.8629999999999995
1744,2011-05-27,9.783999999999999,10.277000000000001,-0.4930000000000021
1745,2011-05-28,6.9879999999999995,5.511,1.4769999999999994
1746,2011-05-29,8.449,5.619,2.83
1747,2011-05-30,17.660999999999998,10.467,7.193999999999997
1748,2011-05-31,23.252,17.82,5.431999999999999
1749,2011-01-06,19.059,22.525,-3.4659999999999975
1750,2011-02-06,16.391,20.663,-4.272000000000002
1751,2011-03-06,15.755,21.014,-5.258999999999999
1752,2011-04-06,19.820999999999998,26.351,-6.530000000000001
1753,2011-05-06,19.567,21.065,-1.498000000000001
1754,2011-06-06,15.056,17.248,-2.192000000000002
1755,2011-07-06,19.059,27.43,-8.370999999999999
1756,2011-08-06,24.268,29.529,-5.260999999999999
1757,2011-09-06,32.4,22.816,9.584
1758,2011-10-06,53.238,32.899,20.339
1759,2011-11-06,49.934,37.957,11.976999999999997
1760,2011-12-06,33.035,22.774,10.260999999999996
1761,2011-06-13,23.506,17.089000000000002,6.416999999999998
1762,2011-06-14,19.631,17.672,1.9589999999999996
1763,2011-06-15,20.647,24.19,-3.543000000000003
1764,2011-06-16,20.393,24.08,-3.6869999999999976
1765,2011-06-17,16.899,17.919,-1.0199999999999996
1766,2011-06-18,17.089000000000002,15.969000000000001,1.120000000000001
1767,2011-06-19,19.820999999999998,20.87,-1.049000000000003
1768,2011-06-20,23.379,25.818,-2.439
1769,2011-06-21,30.049,32.46,-2.4110000000000014
1770,2011-06-22,45.169,36.556,8.613
1771,2011-06-23,37.038000000000004,31.283,5.755000000000003
1772,2011-06-24,25.348000000000003,24.088,1.2600000000000016
1773,2011-06-25,22.68,21.575,1.1050000000000004
1774,2011-06-26,19.820999999999998,20.16,-0.3390000000000022
1775,2011-06-27,19.44,17.833,1.6070000000000029
1776,2011-06-28,22.108,18.159000000000002,3.948999999999998
1777,2011-06-29,36.211999999999996,31.851999999999997,4.359999999999999
1778,2011-06-30,31.511,29.250999999999998,2.2600000000000016
1779,2011-01-07,24.395,22.864,1.5309999999999988
1780,2011-02-07,19.504,21.104,-1.5999999999999979
1781,2011-03-07,18.424,18.625,-0.2010000000000005
1782,2011-04-07,16.136,14.269,1.866999999999999
1783,2011-05-07,15.565,11.835,3.7299999999999986
1784,2011-06-07,14.612,11.254000000000001,3.3579999999999988
1785,2011-07-07,13.786,10.005,3.780999999999999
1786,2011-08-07,20.012,14.077,5.9350000000000005
1787,2011-09-07,34.433,26.186999999999998,8.246000000000002
1788,2011-10-07,47.266000000000005,47.665,-0.3989999999999938
1789,2011-11-07,32.527,47.283,-14.756
1790,2011-12-07,21.791,24.945,-3.154
1791,2011-07-13,17.215999999999998,18.215999999999998,-1.0
1792,2011-07-14,22.553,15.615,6.938000000000001
1793,2011-07-15,29.732,17.82,11.911999999999999
1794,2011-07-16,17.344,14.17,3.1740000000000013
1795,2011-07-17,12.833,10.627,2.2059999999999995
1796,2011-07-18,12.515,11.32,1.1950000000000003
1797,2011-07-19,35.64,17.289,18.351
1798,2011-07-20,35.64,30.108,5.532
1799,2011-07-21,23.506,28.455,-4.948999999999998
1800,2011-07-22,18.805,22.694000000000003,-3.889000000000003
1801,2011-07-23,15.056,18.369,-3.3130000000000006
1802,2011-07-24,16.835,18.475,-1.6400000000000006
1803,2011-07-25,27.381,21.631,5.75
1804,2011-07-26,28.906,35.039,-6.133000000000003
1805,2011-07-27,25.475,28.744,-3.2689999999999984
1806,2011-07-28,19.948,20.65,-0.7019999999999982
1807,2011-07-29,20.012,19.726,0.28600000000000136
1808,2011-07-30,17.407,21.498,-4.091000000000001
1809,2011-07-31,16.645,21.041999999999998,-4.3969999999999985
1810,2011-01-08,18.614,21.746,-3.131999999999998
1811,2011-02-08,19.059,25.037,-5.977999999999998
1812,2011-03-08,17.915,23.585,-5.670000000000002
1813,2011-04-08,16.454,18.901,-2.446999999999999
1814,2011-05-08,11.815999999999999,11.784,0.03199999999999825
1815,2011-06-08,10.8,9.079,1.721
1816,2011-07-08,9.783999999999999,8.802999999999999,0.9809999999999999
1817,2011-08-08,8.576,7.189,1.3870000000000005
1818,2011-09-08,8.068,6.528,1.54
1819,2011-10-08,7.624,7.242000000000001,0.3819999999999988
1820,2011-11-08,7.56,6.4910000000000005,1.068999999999999
1821,2011-12-08,9.402000000000001,6.256,3.146000000000001
1822,2011-08-13,8.831,6.638999999999999,2.192
1823,2011-08-14,9.72,7.981,1.7390000000000008
1824,2011-08-15,15.247,13.776,1.471
1825,2011-08-16,22.616,19.38,3.2360000000000007
1826,2011-08-17,23.506,21.462,2.0440000000000005
1827,2011-08-18,24.713,21.401,3.312000000000001
1828,2011-08-19,25.221,20.496,4.725000000000001
1829,2011-08-20,22.998,18.965,4.033000000000001
1830,2011-08-21,21.854,17.462,4.3919999999999995
1831,2011-08-22,24.205,16.479,7.725999999999999
1832,2011-08-23,20.329,16.845,3.4840000000000018
1833,2011-08-24,13.786,20.042,-6.256000000000002
1834,2011-08-25,11.499,18.405,-6.906000000000001
1835,2011-08-26,12.007,16.621,-4.613999999999999
1836,2011-08-27,14.04,19.291,-5.251000000000001
1837,2011-08-28,14.104000000000001,21.563000000000002,-7.459000000000001
1838,2011-08-29,11.499,20.378,-8.879
1839,2011-08-30,11.815999999999999,15.694,-3.878000000000002
1840,2011-08-31,9.148,11.248,-2.0999999999999996
1841,2011-01-09,7.115,8.395,-1.2799999999999994
1842,2011-02-09,6.9879999999999995,7.6979999999999995,-0.71
1843,2011-03-09,8.132,9.91,-1.7780000000000005
1844,2011-04-09,10.482000000000001,11.574000000000002,-1.0920000000000005
1845,2011-05-09,15.311,12.297,3.0139999999999993
1846,2011-06-09,17.215999999999998,14.687000000000001,2.5289999999999964
