,DATE,OBSRUNOFF,SIMRUNOFF,RESIDUAL
0,2010-10-11,1.49,0.0,1.49
1,2010-11-11,1.192,0.0,1.192
2,2010-12-11,1.192,0.001,1.191
3,2010-11-13,1.192,0.022000000000000002,1.17
4,2010-11-14,1.192,0.059000000000000004,1.133
5,2010-11-15,1.192,0.11900000000000001,1.073
6,2010-11-16,1.192,0.162,1.03
7,2010-11-17,1.192,0.162,1.03
8,2010-11-18,2.681,1.314,1.367
9,2010-11-19,5.3629999999999995,2.031,3.3319999999999994
10,2010-11-20,4.468999999999999,1.308,3.1609999999999996
11,2010-11-21,3.2769999999999997,0.976,2.3009999999999997
12,2010-11-22,2.681,0.96,1.721
13,2010-11-23,2.9789999999999996,0.9740000000000001,2.0049999999999994
14,2010-11-24,2.681,1.014,1.667
15,2010-11-25,2.086,1.002,1.0839999999999999
16,2010-11-26,1.788,0.9359999999999999,0.8520000000000001
17,2010-11-27,1.49,0.8859999999999999,0.6040000000000001
18,2010-11-28,1.49,0.86,0.63
19,2010-11-29,1.192,0.838,0.354
20,2010-11-30,1.192,0.813,0.379
21,2010-01-12,1.49,0.912,0.578
22,2010-02-12,5.959,1.69,4.269
23,2010-03-12,9.533999999999999,3.6430000000000002,5.890999999999998
24,2010-04-12,5.959,3.3739999999999997,2.585
25,2010-05-12,3.873,2.272,1.6010000000000004
26,2010-06-12,2.681,1.8359999999999999,0.8450000000000002
27,2010-07-12,2.086,1.7309999999999999,0.355
28,2010-08-12,1.788,1.621,0.16700000000000004
29,2010-09-12,1.49,1.535,-0.04499999999999993
30,2010-10-12,1.49,1.4609999999999999,0.029000000000000137
31,2010-11-12,1.49,1.375,0.11499999999999999
32,2010-12-12,1.192,1.3519999999999999,-0.15999999999999992
33,2010-12-13,0.894,1.355,-0.46099999999999997
34,2010-12-14,0.894,1.307,-0.4129999999999999
35,2010-12-15,0.894,1.234,-0.33999999999999997
36,2010-12-16,0.894,1.169,-0.275
37,2010-12-17,0.596,1.1079999999999999,-0.5119999999999999
38,2010-12-18,0.596,1.0390000000000001,-0.44300000000000017
39,2010-12-19,0.596,0.9740000000000001,-0.3780000000000001
40,2010-12-20,0.596,0.912,-0.31600000000000006
41,2010-12-21,0.596,0.855,-0.259
42,2010-12-22,0.596,0.8009999999999999,-0.20499999999999996
43,2010-12-23,0.596,0.77,-0.17400000000000004
44,2010-12-24,0.596,0.7609999999999999,-0.16499999999999992
45,2010-12-25,0.596,0.76,-0.16400000000000003
46,2010-12-26,0.596,0.759,-0.16300000000000003
47,2010-12-27,0.596,0.745,-0.14900000000000002
48,2010-12-28,0.596,0.711,-0.11499999999999999
49,2010-12-29,0.596,0.6679999999999999,-0.07199999999999995
50,2010-12-30,0.596,0.628,-0.03200000000000003
51,2010-12-31,0.298,0.591,-0.293
52,2011-01-01,0.596,0.5539999999999999,0.04200000000000004
53,2011-02-01,0.596,0.542,0.05399999999999994
54,2011-03-01,0.596,0.555,0.040999999999999925
55,2011-04-01,0.596,0.562,0.03399999999999992
56,2011-05-01,0.596,0.557,0.038999999999999924
57,2011-06-01,0.596,0.536,0.05999999999999994
58,2011-07-01,0.298,0.504,-0.20600000000000002
59,2011-08-01,0.298,0.47200000000000003,-0.17400000000000004
60,2011-09-01,0.298,0.44299999999999995,-0.14499999999999996
61,2011-10-01,0.298,0.42200000000000004,-0.12400000000000005
62,2011-11-01,0.298,0.44,-0.14200000000000002
63,2011-12-01,0.298,0.46299999999999997,-0.16499999999999998
64,2011-01-13,0.596,0.466,0.12999999999999995
65,2011-01-14,0.596,0.46,0.13599999999999995
66,2011-01-15,0.298,0.43700000000000006,-0.13900000000000007
67,2011-01-16,0.298,0.41,-0.11199999999999999
68,2011-01-17,0.298,0.384,-0.08600000000000002
69,2011-01-18,0.298,0.36,-0.062
70,2011-01-19,0.298,0.33799999999999997,-0.03999999999999998
71,2011-01-20,0.298,0.318,-0.020000000000000018
72,2011-01-21,0.298,0.298,0.0
73,2011-01-22,0.298,0.29600000000000004,0.0019999999999999463
74,2011-01-23,0.298,0.303,-0.0050000000000000044
75,2011-01-24,0.298,0.315,-0.017000000000000015
76,2011-01-25,0.298,0.34299999999999997,-0.044999999999999984
77,2011-01-26,0.298,0.365,-0.067
78,2011-01-27,0.298,0.389,-0.09100000000000003
79,2011-01-28,0.298,0.44299999999999995,-0.14499999999999996
80,2011-01-29,0.298,0.474,-0.176
81,2011-01-30,0.298,0.462,-0.16400000000000003
82,2011-01-31,0.298,0.457,-0.15900000000000003
83,2011-01-02,0.298,0.462,-0.16400000000000003
84,2011-02-02,0.298,0.469,-0.17099999999999999
85,2011-03-02,0.298,0.455,-0.15700000000000003
86,2011-04-02,0.298,0.44299999999999995,-0.14499999999999996
87,2011-05-02,0.0,0.43200000000000005,-0.43200000000000005
88,2011-06-02,0.0,0.406,-0.406
89,2011-07-02,0.0,0.38,-0.38
90,2011-08-02,0.0,0.361,-0.361
91,2011-09-02,0.0,0.36,-0.36
92,2011-10-02,0.298,0.37799999999999995,-0.07999999999999996
93,2011-11-02,0.298,0.408,-0.10999999999999999
94,2011-12-02,0.298,0.434,-0.136
95,2011-02-13,0.298,0.43,-0.132
96,2011-02-14,0.298,0.40399999999999997,-0.10599999999999998
97,2011-02-15,0.298,0.379,-0.08100000000000002
98,2011-02-16,0.298,0.355,-0.056999999999999995
99,2011-02-17,0.298,0.33299999999999996,-0.034999999999999976
100,2011-02-18,0.0,0.312,-0.312
101,2011-02-19,0.0,0.292,-0.292
102,2011-02-20,0.298,0.287,0.01100000000000001
103,2011-02-21,0.298,0.293,0.0050000000000000044
104,2011-02-22,0.298,0.28600000000000003,0.011999999999999955
105,2011-02-23,0.298,0.29100000000000004,0.006999999999999951
106,2011-02-24,0.298,0.29600000000000004,0.0019999999999999463
107,2011-02-25,0.298,0.27899999999999997,0.019000000000000017
108,2011-02-26,0.0,0.27699999999999997,-0.27699999999999997
109,2011-02-27,0.0,0.281,-0.281
110,2011-02-28,0.298,0.27399999999999997,0.02400000000000002
111,2011-01-03,0.298,0.287,0.01100000000000001
112,2011-02-03,0.298,0.318,-0.020000000000000018
113,2011-03-03,0.298,0.387,-0.08900000000000002
114,2011-04-03,0.298,0.46299999999999997,-0.16499999999999998
115,2011-05-03,0.298,0.501,-0.203
116,2011-06-03,0.298,0.525,-0.22700000000000004
117,2011-07-03,0.298,0.535,-0.23700000000000004
118,2011-08-03,0.298,0.517,-0.21900000000000003
119,2011-09-03,0.298,0.494,-0.196
120,2011-10-03,0.298,0.48100000000000004,-0.18300000000000005
121,2011-11-03,0.298,0.462,-0.16400000000000003
122,2011-12-03,0.298,0.435,-0.137
123,2011-03-13,0.298,0.43700000000000006,-0.13900000000000007
124,2011-03-14,0.298,0.445,-0.14700000000000002
125,2011-03-15,0.298,0.456,-0.15800000000000003
126,2011-03-16,0.298,0.46,-0.16200000000000003
127,2011-03-17,0.298,0.44799999999999995,-0.14999999999999997
128,2011-03-18,0.0,0.436,-0.436
129,2011-03-19,0.0,0.409,-0.409
130,2011-03-20,0.0,0.384,-0.384
131,2011-03-21,0.0,0.36700000000000005,-0.36700000000000005
132,2011-03-22,0.0,0.361,-0.361
133,2011-03-23,0.0,0.37200000000000005,-0.37200000000000005
134,2011-03-24,0.0,0.40399999999999997,-0.40399999999999997
135,2011-03-25,0.298,0.43700000000000006,-0.13900000000000007
136,2011-03-26,0.298,0.466,-0.16800000000000004
137,2011-03-27,0.298,0.489,-0.191
138,2011-03-28,0.298,0.5,-0.202
139,2011-03-29,0.298,0.498,-0.2
140,2011-03-30,0.298,0.478,-0.18
141,2011-03-31,0.298,0.48100000000000004,-0.18300000000000005
142,2011-01-04,0.298,0.48200000000000004,-0.18400000000000005
143,2011-02-04,0.298,0.45399999999999996,-0.15599999999999997
144,2011-03-04,0.298,0.517,-0.21900000000000003
145,2011-04-04,0.298,0.77,-0.47200000000000003
146,2011-05-04,0.596,1.149,-0.553
147,2011-06-04,0.596,1.2329999999999999,-0.6369999999999999
148,2011-07-04,0.596,1.3619999999999999,-0.7659999999999999
149,2011-08-04,0.894,1.69,-0.7959999999999999
150,2011-09-04,1.49,2.136,-0.6460000000000001
151,2011-10-04,2.681,5.018,-2.3369999999999997
152,2011-11-04,7.746,9.676,-1.9299999999999997
153,2011-12-04,10.427999999999999,10.364,0.06399999999999828
154,2011-04-13,10.725999999999999,10.339,0.3869999999999987
155,2011-04-14,8.342,7.421,0.9210000000000003
156,2011-04-15,6.553999999999999,5.642,0.911999999999999
157,2011-04-16,7.15,9.244,-2.0939999999999994
158,2011-04-17,6.553999999999999,9.587,-3.0330000000000004
159,2011-04-18,4.7669999999999995,7.0920000000000005,-2.325000000000001
160,2011-04-19,3.575,5.232,-1.657
161,2011-04-20,2.681,4.529,-1.8479999999999999
162,2011-04-21,2.086,4.154,-2.068
163,2011-04-22,2.086,4.118,-2.0320000000000005
164,2011-04-23,2.681,4.753,-2.072
165,2011-04-24,3.873,5.566,-1.6929999999999996
166,2011-04-25,7.746,12.915,-5.168999999999999
167,2011-04-26,11.321,18.302,-6.981
168,2011-04-27,11.619000000000002,15.575,-3.9559999999999977
169,2011-04-28,9.533999999999999,10.87,-1.3360000000000003
170,2011-04-29,6.852,7.436,-0.5839999999999996
171,2011-04-30,4.7669999999999995,5.495,-0.7280000000000006
172,2011-01-05,3.575,4.787,-1.2119999999999997
173,2011-02-05,2.9789999999999996,4.246,-1.2670000000000008
174,2011-03-05,2.383,4.104,-1.721
175,2011-04-05,2.086,3.92,-1.834
176,2011-05-05,2.086,3.77,-1.6840000000000002
177,2011-06-05,2.383,3.782,-1.399
178,2011-07-05,3.2769999999999997,4.156000000000001,-0.8790000000000009
179,2011-08-05,5.6610000000000005,4.819,0.8420000000000005
180,2011-09-05,8.342,6.297000000000001,2.045
181,2011-10-05,7.15,6.191,0.9590000000000005
182,2011-11-05,4.7669999999999995,4.976,-0.20900000000000052
183,2011-12-05,3.2769999999999997,4.172,-0.895
184,2011-05-13,2.383,3.8739999999999997,-1.4909999999999997
185,2011-05-14,2.086,3.783,-1.697
186,2011-05-15,2.681,5.76,-3.0789999999999997
187,2011-05-16,4.7669999999999995,12.526,-7.759
188,2011-05-17,7.746,10.357000000000001,-2.6110000000000007
189,2011-05-18,5.959,5.614,0.34499999999999975
190,2011-05-19,3.873,4.556,-0.6829999999999998
191,2011-05-20,2.9789999999999996,4.059,-1.0800000000000005
192,2011-05-21,3.575,4.006,-0.43100000000000005
193,2011-05-22,6.852,4.776,2.0760000000000005
194,2011-05-23,9.236,10.352,-1.1159999999999997
195,2011-05-24,15.492,21.04,-5.547999999999998
196,2011-05-25,16.684,23.033,-6.349
197,2011-05-26,14.003,20.750999999999998,-6.7479999999999976
198,2011-05-27,9.533999999999999,13.870999999999999,-4.337
199,2011-05-28,6.553999999999999,8.213,-1.6589999999999998
200,2011-05-29,7.15,9.231,-2.0809999999999995
201,2011-05-30,11.023,12.425,-1.402000000000001
202,2011-05-31,14.300999999999998,14.720999999999998,-0.41999999999999993
203,2011-01-06,11.023,14.130999999999998,-3.1079999999999988
204,2011-02-06,8.64,10.844000000000001,-2.2040000000000006
205,2011-03-06,7.746,9.45,-1.7039999999999988
206,2011-04-06,6.257000000000001,8.368,-2.1109999999999998
207,2011-05-06,5.959,11.448,-5.489000000000001
208,2011-06-06,5.6610000000000005,10.890999999999998,-5.229999999999998
209,2011-07-06,5.065,6.579,-1.5139999999999993
210,2011-08-06,5.3629999999999995,6.332999999999999,-0.9699999999999998
211,2011-09-06,5.3629999999999995,5.856,-0.4930000000000003
212,2011-10-06,5.065,4.962,0.10300000000000065
213,2011-11-06,4.468999999999999,4.288,0.18099999999999916
214,2011-12-06,3.575,4.0,-0.4249999999999998
215,2011-06-13,2.9789999999999996,3.708,-0.7290000000000005
216,2011-06-14,2.383,3.431,-1.048
217,2011-06-15,2.086,3.1719999999999997,-1.0859999999999999
218,2011-06-16,1.788,2.928,-1.14
219,2011-06-17,1.788,2.698,-0.9099999999999999
220,2011-06-18,1.788,2.481,-0.6929999999999998
221,2011-06-19,1.49,2.278,-0.788
222,2011-06-20,1.49,2.088,-0.5980000000000001
223,2011-06-21,1.49,1.91,-0.41999999999999993
224,2011-06-22,1.788,1.9409999999999998,-0.1529999999999998
225,2011-06-23,2.086,1.953,0.13299999999999979
226,2011-06-24,1.788,1.8869999999999998,-0.09899999999999975
227,2011-06-25,2.086,2.134,-0.04800000000000004
228,2011-06-26,2.383,2.239,0.14400000000000013
229,2011-06-27,2.086,2.092,-0.006000000000000227
230,2011-06-28,1.788,2.008,-0.21999999999999997
231,2011-06-29,1.788,1.956,-0.16799999999999993
232,2011-06-30,1.49,1.8780000000000001,-0.3880000000000001
233,2011-01-07,1.49,1.734,-0.244
234,2011-02-07,1.192,1.5859999999999999,-0.3939999999999999
235,2011-03-07,1.192,1.445,-0.2530000000000001
236,2011-04-07,1.192,1.351,-0.15900000000000003
237,2011-05-07,1.192,1.264,-0.07200000000000006
238,2011-06-07,1.192,1.147,0.04499999999999993
239,2011-07-07,1.192,1.038,0.15399999999999991
240,2011-08-07,1.192,0.9359999999999999,0.256
241,2011-09-07,1.192,0.903,0.2889999999999999
242,2011-10-07,0.894,0.87,0.02400000000000002
243,2011-11-07,1.192,0.897,0.29499999999999993
244,2011-12-07,1.192,1.133,0.05899999999999994
245,2011-07-13,1.192,1.149,0.04299999999999993
246,2011-07-14,1.192,1.114,0.07799999999999985
247,2011-07-15,1.192,1.2209999999999999,-0.028999999999999915
248,2011-07-16,1.49,1.238,0.252
249,2011-07-17,1.788,1.128,0.6600000000000001
250,2011-07-18,1.788,1.023,0.7650000000000001
251,2011-07-19,1.788,0.93,0.858
252,2011-07-20,1.49,0.878,0.612
253,2011-07-21,1.49,1.123,0.367
254,2011-07-22,1.49,1.28,0.20999999999999996
255,2011-07-23,1.192,1.2109999999999999,-0.018999999999999906
256,2011-07-24,1.192,1.11,0.08199999999999985
257,2011-07-25,1.192,1.265,-0.07299999999999995
258,2011-07-26,1.788,4.111000000000001,-2.3230000000000004
259,2011-07-27,2.086,4.712,-2.626
260,2011-07-28,2.086,2.457,-0.371
261,2011-07-29,1.788,1.84,-0.052000000000000046
262,2011-07-30,1.49,1.6969999999999998,-0.20699999999999985
263,2011-07-31,1.49,1.555,-0.06499999999999995
264,2011-01-08,1.192,1.423,-0.2310000000000001
265,2011-02-08,1.192,1.3,-0.1080000000000001
266,2011-03-08,0.894,1.186,-0.2919999999999999
267,2011-04-08,0.894,1.095,-0.20099999999999996
268,2011-05-08,0.894,1.0490000000000002,-0.15500000000000014
269,2011-06-08,0.894,1.03,-0.136
270,2011-07-08,1.192,0.986,0.20599999999999996
271,2011-08-08,1.49,0.982,0.508
272,2011-09-08,1.49,0.9620000000000001,0.5279999999999999
273,2011-10-08,1.49,0.873,0.617
274,2011-11-08,1.49,0.831,0.659
275,2011-12-08,1.192,0.7959999999999999,0.396
276,2011-08-13,1.192,0.848,0.344
277,2011-08-14,1.192,0.884,0.30799999999999994
278,2011-08-15,1.192,0.812,0.3799999999999999
279,2011-08-16,0.894,0.736,0.15800000000000003
280,2011-08-17,0.894,0.6659999999999999,0.2280000000000001
281,2011-08-18,0.894,0.602,0.29200000000000004
282,2011-08-19,0.596,0.542,0.05399999999999994
283,2011-08-20,0.596,0.48700000000000004,0.10899999999999993
284,2011-08-21,0.596,0.436,0.15999999999999998
285,2011-08-22,0.596,0.39,0.20599999999999996
286,2011-08-23,0.298,0.34700000000000003,-0.049000000000000044
287,2011-08-24,0.596,0.982,-0.386
288,2011-08-25,0.596,1.286,-0.6900000000000001
289,2011-08-26,0.596,0.8690000000000001,-0.27300000000000013
290,2011-08-27,0.596,0.863,-0.267
291,2011-08-28,0.596,0.894,-0.29800000000000004
292,2011-08-29,0.596,1.0959999999999999,-0.4999999999999999
293,2011-08-30,0.596,1.133,-0.537
294,2011-08-31,0.298,1.054,-0.756
295,2011-01-09,0.298,0.9670000000000001,-0.669
296,2011-02-09,0.298,0.8859999999999999,-0.5879999999999999
297,2011-03-09,0.298,0.8109999999999999,-0.5129999999999999
298,2011-04-09,0.298,0.742,-0.444
299,2011-05-09,0.298,0.6779999999999999,-0.37999999999999995
300,2011-06-09,0.298,0.619,-0.321
301,2011-07-09,0.298,0.564,-0.26599999999999996
302,2011-08-09,0.298,0.513,-0.21500000000000002
303,2011-09-09,0.298,0.467,-0.16900000000000004
304,2011-10-09,0.298,0.424,-0.126
305,2011-11-09,0.298,0.385,-0.08700000000000002
306,2011-12-09,0.298,0.348,-0.04999999999999999
307,2011-09-13,0.298,0.359,-0.061
308,2011-09-14,0.298,0.40299999999999997,-0.10499999999999998
309,2011-09-15,0.298,0.409,-0.11099999999999999
310,2011-09-16,0.298,0.44799999999999995,-0.14999999999999997
311,2011-09-17,0.298,0.502,-0.20400000000000001
312,2011-09-18,0.298,0.5589999999999999,-0.26099999999999995
313,2011-09-19,0.298,0.5770000000000001,-0.2790000000000001
314,2011-09-20,0.298,0.528,-0.23000000000000004
315,2011-09-21,0.298,0.483,-0.185
316,2011-09-22,0.298,0.441,-0.14300000000000002
317,2011-09-23,0.298,0.402,-0.10400000000000004
318,2011-09-24,0.298,0.36700000000000005,-0.06900000000000006
319,2011-09-25,0.298,0.33399999999999996,-0.035999999999999976
320,2011-09-26,0.298,0.303,-0.0050000000000000044
321,2011-09-27,0.298,0.297,0.0010000000000000009
322,2011-09-28,0.298,0.37799999999999995,-0.07999999999999996
323,2011-09-29,0.596,0.42100000000000004,0.17499999999999993
324,2011-09-30,0.596,0.606,-0.010000000000000009
325,2011-01-10,0.894,0.772,0.122
326,2011-02-10,1.192,0.857,0.33499999999999996
327,2011-03-10,1.49,1.122,0.3679999999999999
328,2011-04-10,2.383,1.238,1.145
329,2011-05-10,2.383,1.304,1.079
330,2011-06-10,2.383,1.381,1.002
331,2011-07-10,2.9789999999999996,1.357,1.6219999999999997
332,2011-08-10,4.7669999999999995,2.255,2.5119999999999996
333,2011-09-10,5.6610000000000005,3.1630000000000003,2.498
334,2011-10-10,4.171,2.7539999999999996,1.4170000000000007
335,2011-11-10,3.2769999999999997,2.059,1.2179999999999995
336,2011-12-10,2.681,1.98,0.7010000000000001
337,2011-10-13,2.383,2.024,0.359
338,2011-10-14,2.383,2.0380000000000003,0.34499999999999975
339,2011-10-15,2.9789999999999996,2.101,0.8779999999999997
340,2011-10-16,7.15,2.205,4.945
341,2011-10-17,11.917,2.3480000000000003,9.568999999999999
342,2011-10-18,8.937999999999999,2.44,6.497999999999999
343,2011-10-19,6.257000000000001,2.471,3.7860000000000005
344,2011-10-20,4.171,2.399,1.7720000000000002
345,2011-10-21,3.2769999999999997,2.4530000000000003,0.8239999999999994
346,2011-10-22,2.9789999999999996,2.9330000000000003,0.045999999999999375
347,2011-10-23,2.681,3.0860000000000003,-0.40500000000000025
348,2011-10-24,2.383,2.7239999999999998,-0.34099999999999975
349,2011-10-25,2.086,2.582,-0.496
350,2011-10-26,2.681,2.467,0.21399999999999997
351,2011-10-27,2.9789999999999996,2.354,0.6249999999999996
352,2011-10-28,2.9789999999999996,2.1959999999999997,0.7829999999999999
353,2011-10-29,2.383,2.056,0.32699999999999996
354,2011-10-30,2.9789999999999996,2.086,0.8929999999999998
355,2011-10-31,3.2769999999999997,2.162,1.1149999999999998
356,2011-01-11,3.575,2.11,1.4650000000000003
357,2011-02-11,4.171,2.0709999999999997,2.1000000000000005
358,2011-03-11,3.2769999999999997,2.033,1.2439999999999998
359,2011-04-11,2.9789999999999996,1.9240000000000002,1.0549999999999995
360,2011-05-11,2.383,1.8,0.583
361,2011-06-11,2.9789999999999996,2.708,0.27099999999999946
362,2011-07-11,6.257000000000001,8.316,-2.059
363,2011-08-11,7.4479999999999995,8.632,-1.1840000000000002
364,2011-09-11,5.959,4.503,1.4559999999999995
365,2011-10-11,5.065,3.304,1.7610000000000006
366,2011-11-11,4.7669999999999995,2.6919999999999997,2.0749999999999997
367,2011-12-11,5.065,2.735,2.3300000000000005
368,2011-11-13,5.6610000000000005,2.688,2.9730000000000003
369,2011-11-14,7.4479999999999995,2.7439999999999998,4.704
370,2011-11-15,5.3629999999999995,2.722,2.6409999999999996
371,2011-11-16,4.468999999999999,2.61,1.8589999999999995
372,2011-11-17,3.575,2.545,1.0300000000000002
373,2011-11-18,2.9789999999999996,2.475,0.5039999999999996
374,2011-11-19,2.681,2.374,0.30699999999999994
375,2011-11-20,2.086,2.28,-0.19399999999999995
376,2011-11-21,2.086,2.158,-0.07200000000000006
377,2011-11-22,2.383,2.024,0.359
378,2011-11-23,4.7669999999999995,1.93,2.8369999999999997
379,2011-11-24,5.6610000000000005,1.882,3.779000000000001
380,2011-11-25,8.937999999999999,2.67,6.267999999999999
381,2011-11-26,8.342,3.1519999999999997,5.190000000000001
382,2011-11-27,6.257000000000001,3.99,2.2670000000000003
383,2011-11-28,5.065,6.721,-1.6559999999999997
384,2011-11-29,4.171,4.55,-0.37899999999999956
385,2011-11-30,3.2769999999999997,3.3689999999999998,-0.09200000000000008
386,2011-01-12,3.873,4.16,-0.2869999999999999
387,2011-02-12,3.873,6.355,-2.482
388,2011-03-12,3.873,7.42,-3.5469999999999997
389,2011-04-12,5.3629999999999995,5.324,0.0389999999999997
390,2011-05-12,6.852,3.915,2.9370000000000003
391,2011-06-12,7.746,3.341,4.405
392,2011-07-12,7.746,3.15,4.596
393,2011-08-12,6.553999999999999,2.957,3.5969999999999995
394,2011-09-12,4.171,2.775,1.3960000000000004
395,2011-10-12,2.383,2.605,-0.22199999999999998
396,2011-11-12,1.788,2.458,-0.6700000000000002
397,2011-12-12,1.788,2.3369999999999997,-0.5489999999999997
398,2011-12-13,1.49,2.227,-0.7369999999999999
399,2011-12-14,1.192,2.126,-0.9339999999999999
400,2011-12-15,1.192,2.103,-0.9110000000000003
401,2011-12-16,1.192,2.1430000000000002,-0.9510000000000003
402,2011-12-17,0.894,2.094,-1.1999999999999997
403,2011-12-18,0.894,1.9669999999999999,-1.073
404,2011-12-19,0.894,1.8459999999999999,-0.9519999999999998
405,2011-12-20,0.894,1.8880000000000001,-0.9940000000000001
406,2011-12-21,0.894,1.9369999999999998,-1.0429999999999997
407,2011-12-22,0.894,1.834,-0.9400000000000001
408,2011-12-23,0.894,1.722,-0.828
409,2011-12-24,0.894,1.642,-0.7479999999999999
410,2011-12-25,0.894,1.608,-0.7140000000000001
411,2011-12-26,0.894,1.5519999999999998,-0.6579999999999998
412,2011-12-27,0.894,2.028,-1.134
413,2011-12-28,1.192,2.2840000000000003,-1.0920000000000003
414,2011-12-29,0.894,1.916,-1.0219999999999998
415,2011-12-30,1.192,1.83,-0.6380000000000001
416,2011-12-31,0.894,1.719,-0.8250000000000001
417,2012-01-01,1.192,1.614,-0.42200000000000015
418,2012-02-01,0.894,1.516,-0.622
419,2012-03-01,0.894,1.4240000000000002,-0.5300000000000001
420,2012-04-01,0.596,1.337,-0.741
421,2012-05-01,0.596,1.255,-0.6589999999999999
422,2012-06-01,0.596,1.178,-0.582
423,2012-07-01,0.596,1.1059999999999999,-0.5099999999999999
424,2012-08-01,0.596,1.048,-0.45200000000000007
425,2012-09-01,0.596,1.011,-0.4149999999999999
426,2012-10-01,0.596,0.9690000000000001,-0.3730000000000001
427,2012-11-01,0.596,0.9109999999999999,-0.31499999999999995
428,2012-12-01,0.298,0.856,-0.558
429,2012-01-13,0.298,0.8029999999999999,-0.5049999999999999
430,2012-01-14,0.298,0.774,-0.47600000000000003
431,2012-01-15,0.298,0.748,-0.45
432,2012-01-16,0.596,0.703,-0.10699999999999998
433,2012-01-17,0.596,0.662,-0.06600000000000006
434,2012-01-18,0.298,0.621,-0.323
435,2012-01-19,0.298,0.583,-0.285
436,2012-01-20,0.298,0.5479999999999999,-0.24999999999999994
437,2012-01-21,0.298,0.514,-0.21600000000000003
438,2012-01-22,0.298,0.483,-0.185
439,2012-01-23,0.298,0.45299999999999996,-0.15499999999999997
440,2012-01-24,0.298,0.425,-0.127
441,2012-01-25,0.298,0.401,-0.10300000000000004
442,2012-01-26,0.596,0.37799999999999995,0.21800000000000003
443,2012-01-27,0.298,0.355,-0.056999999999999995
444,2012-01-28,0.298,0.33299999999999996,-0.034999999999999976
445,2012-01-29,0.298,0.313,-0.015000000000000013
446,2012-01-30,0.298,0.294,0.0040000000000000036
447,2012-01-31,0.298,0.276,0.021999999999999964
448,2012-01-02,0.298,0.259,0.03899999999999998
449,2012-02-02,0.298,0.243,0.05499999999999999
450,2012-03-02,0.298,0.228,0.06999999999999998
451,2012-04-02,0.298,0.214,0.08399999999999999
452,2012-05-02,0.298,0.201,0.09699999999999998
453,2012-06-02,0.298,0.18899999999999997,0.10900000000000001
454,2012-07-02,0.298,0.19,0.10799999999999998
455,2012-08-02,0.298,0.191,0.10699999999999998
456,2012-09-02,0.298,0.191,0.10699999999999998
457,2012-10-02,0.298,0.203,0.09499999999999997
458,2012-11-02,0.298,0.256,0.04199999999999998
459,2012-12-02,0.596,0.297,0.299
460,2012-02-13,0.596,0.311,0.285
461,2012-02-14,0.596,0.326,0.26999999999999996
462,2012-02-15,0.596,0.344,0.252
463,2012-02-16,0.596,0.36200000000000004,0.23399999999999993
464,2012-02-17,0.596,0.34600000000000003,0.24999999999999994
465,2012-02-18,0.596,0.326,0.26999999999999996
466,2012-02-19,0.596,0.306,0.29
467,2012-02-20,0.596,0.316,0.27999999999999997
468,2012-02-21,0.894,0.364,0.53
469,2012-02-22,0.894,0.39899999999999997,0.49500000000000005
470,2012-02-23,0.894,0.395,0.499
471,2012-02-24,0.894,0.391,0.503
472,2012-02-25,1.192,0.39799999999999996,0.794
473,2012-02-26,1.49,0.415,1.075
474,2012-02-27,1.788,0.444,1.344
475,2012-02-28,1.49,0.44799999999999995,1.042
476,2012-02-29,1.49,0.426,1.064
477,2012-01-03,1.49,0.4,1.0899999999999999
478,2012-02-03,1.788,0.401,1.387
479,2012-03-03,2.086,0.429,1.6569999999999998
480,2012-04-03,2.086,0.435,1.6509999999999998
481,2012-05-03,2.086,0.413,1.6729999999999998
482,2012-06-03,2.086,0.38799999999999996,1.698
483,2012-07-03,2.086,0.364,1.722
484,2012-08-03,2.383,0.342,2.041
485,2012-09-03,2.383,0.321,2.062
486,2012-10-03,2.383,0.301,2.082
487,2012-11-03,2.383,0.327,2.056
488,2012-12-03,2.681,0.354,2.327
489,2012-03-13,2.9789999999999996,0.4,2.5789999999999997
490,2012-03-14,3.2769999999999997,0.514,2.763
491,2012-03-15,3.575,0.5660000000000001,3.0090000000000003
492,2012-03-16,3.575,0.557,3.0180000000000002
493,2012-03-17,4.171,0.732,3.439
494,2012-03-18,5.065,0.841,4.224
495,2012-03-19,5.6610000000000005,0.848,4.813000000000001
496,2012-03-20,6.257000000000001,0.845,5.412000000000001
497,2012-03-21,6.852,0.8240000000000001,6.0280000000000005
498,2012-03-22,7.4479999999999995,0.782,6.6659999999999995
499,2012-03-23,7.746,0.736,7.010000000000001
500,2012-03-24,8.64,0.715,7.925000000000001
501,2012-03-25,9.236,0.716,8.520000000000001
502,2012-03-26,9.236,0.7040000000000001,8.532
503,2012-03-27,9.832,0.68,9.152000000000001
504,2012-03-28,10.13,0.68,9.450000000000001
505,2012-03-29,10.725999999999999,0.6920000000000001,10.033999999999999
506,2012-03-30,11.321,0.691,10.629999999999999
507,2012-03-31,11.917,0.698,11.219
508,2012-01-04,12.513,0.72,11.793
509,2012-02-04,12.513,0.7140000000000001,11.799
510,2012-03-04,13.109000000000002,0.677,12.432000000000002
511,2012-04-04,13.705,0.64,13.065
512,2012-05-04,15.492,0.622,14.870000000000001
513,2012-06-04,16.386,0.63,15.755999999999998
514,2012-07-04,17.875999999999998,0.642,17.233999999999998
515,2012-08-04,19.366,0.6459999999999999,18.72
516,2012-09-04,20.259,0.645,19.614
517,2012-10-04,20.855,0.625,20.23
518,2012-11-04,21.451,0.599,20.852
519,2012-12-04,22.345,0.584,21.761
520,2012-04-13,24.728,0.579,24.149
521,2012-04-14,26.218000000000004,0.573,25.645000000000003
522,2012-04-15,27.112,0.5539999999999999,26.558
523,2012-04-16,28.006,0.527,27.479
524,2012-04-17,28.899,0.495,28.404
525,2012-04-18,29.495,0.465,29.03
526,2012-04-19,30.090999999999998,0.436,29.654999999999998
527,2012-04-20,30.686999999999998,0.409,30.278
528,2012-04-21,31.283,0.384,30.899
529,2012-04-22,30.686999999999998,0.361,30.325999999999997
530,2012-04-23,25.622,0.348,25.274
531,2012-04-24,13.109000000000002,0.34700000000000003,12.762000000000002
532,2012-04-25,5.6610000000000005,0.385,5.276000000000001
533,2012-04-26,3.2769999999999997,0.655,2.622
534,2012-04-27,2.9789999999999996,2.343,0.6359999999999997
535,2012-04-28,3.873,8.547,-4.674
536,2012-04-29,5.065,11.218,-6.153
537,2012-04-30,5.065,6.105,-1.04
538,2012-01-05,5.065,2.847,2.2180000000000004
539,2012-02-05,4.468999999999999,2.347,2.1219999999999994
540,2012-03-05,4.468999999999999,2.041,2.4279999999999995
541,2012-04-05,4.171,1.992,2.1790000000000003
542,2012-05-05,3.2769999999999997,1.915,1.3619999999999997
543,2012-06-05,2.681,1.82,0.861
544,2012-07-05,2.086,1.726,0.3599999999999999
545,2012-08-05,2.086,1.797,0.2889999999999999
546,2012-09-05,3.2769999999999997,2.281,0.9959999999999996
547,2012-10-05,5.959,3.7560000000000002,2.2029999999999994
548,2012-11-05,10.427999999999999,8.383,2.045
549,2012-12-05,11.023,8.91,2.1129999999999995
550,2012-05-13,7.4479999999999995,4.956,2.491999999999999
551,2012-05-14,5.3629999999999995,3.517,1.8459999999999996
552,2012-05-15,7.746,3.818,3.9280000000000004
553,2012-05-16,12.811,11.562000000000001,1.2489999999999988
554,2012-05-17,21.451,23.912,-2.4609999999999985
555,2012-05-18,30.389,28.875,1.5139999999999993
556,2012-05-19,33.368,27.839000000000002,5.529
557,2012-05-20,18.77,21.18,-2.41
558,2012-05-21,12.811,13.467,-0.6560000000000006
559,2012-05-22,10.725999999999999,9.466000000000001,1.259999999999998
560,2012-05-23,6.852,6.517,0.33499999999999996
561,2012-05-24,6.852,6.566,0.2860000000000005
562,2012-05-25,20.557,13.422,7.134999999999998
563,2012-05-26,25.026,16.839000000000002,8.186999999999998
564,2012-05-27,19.961,14.76,5.200999999999999
565,2012-05-28,15.194,14.284,0.9100000000000001
566,2012-05-29,9.832,11.632,-1.799999999999999
567,2012-05-30,6.852,6.436,0.41600000000000037
568,2012-05-31,5.3629999999999995,5.292000000000001,0.07099999999999884
569,2012-01-06,4.468999999999999,5.287000000000001,-0.8180000000000014
570,2012-02-06,4.171,6.042999999999999,-1.871999999999999
571,2012-03-06,4.171,9.208,-5.037
572,2012-04-06,5.065,9.661,-4.595999999999999
573,2012-05-06,5.065,7.5489999999999995,-2.483999999999999
574,2012-06-06,4.468999999999999,5.8229999999999995,-1.354
575,2012-07-06,3.575,5.608,-2.0329999999999995
576,2012-08-06,3.2769999999999997,5.599,-2.3220000000000005
577,2012-09-06,3.2769999999999997,5.251,-1.9740000000000006
578,2012-10-06,2.9789999999999996,4.768,-1.7890000000000001
579,2012-11-06,2.9789999999999996,4.553999999999999,-1.5749999999999997
580,2012-12-06,2.9789999999999996,4.8260000000000005,-1.8470000000000009
581,2012-06-13,3.2769999999999997,5.336,-2.0590000000000006
582,2012-06-14,4.7669999999999995,5.843,-1.0760000000000005
583,2012-06-15,5.6610000000000005,5.756,-0.09499999999999975
584,2012-06-16,5.959,5.682,0.27699999999999925
585,2012-06-17,5.3629999999999995,5.564,-0.2010000000000005
586,2012-06-18,4.468999999999999,5.012,-0.5430000000000001
587,2012-06-19,3.575,4.721,-1.146
588,2012-06-20,2.9789999999999996,4.73,-1.7510000000000008
589,2012-06-21,5.065,4.692,0.3730000000000002
590,2012-06-22,10.725999999999999,4.713,6.012999999999999
591,2012-06-23,7.746,4.428,3.3180000000000005
592,2012-06-24,5.065,4.021,1.0440000000000005
593,2012-06-25,3.575,3.7319999999999998,-0.15699999999999958
594,2012-06-26,2.9789999999999996,3.674,-0.6950000000000003
595,2012-06-27,2.383,3.5839999999999996,-1.2009999999999996
596,2012-06-28,2.086,3.452,-1.366
597,2012-06-29,1.788,3.3,-1.5119999999999998
598,2012-06-30,1.788,3.0860000000000003,-1.2980000000000003
599,2012-01-07,1.49,2.87,-1.3800000000000001
600,2012-02-07,1.49,2.668,-1.1780000000000002
601,2012-03-07,1.788,2.8689999999999998,-1.0809999999999997
602,2012-04-07,3.873,3.656,0.21700000000000008
603,2012-05-07,4.7669999999999995,3.865,0.9019999999999992
604,2012-06-07,3.575,3.215,0.3600000000000003
605,2012-07-07,2.9789999999999996,3.094,-0.11500000000000021
606,2012-08-07,2.681,2.972,-0.2909999999999999
607,2012-09-07,2.086,2.787,-0.7010000000000001
608,2012-10-07,2.086,2.636,-0.5500000000000003
609,2012-11-07,1.788,2.45,-0.6620000000000001
610,2012-12-07,1.788,2.48,-0.692
611,2012-07-13,1.49,2.401,-0.9109999999999998
612,2012-07-14,1.49,2.219,-0.7289999999999999
613,2012-07-15,1.49,2.138,-0.6479999999999999
614,2012-07-16,1.192,2.167,-0.9749999999999999
615,2012-07-17,1.192,2.344,-1.152
616,2012-07-18,1.192,2.272,-1.0799999999999998
617,2012-07-19,0.894,2.101,-1.2069999999999999
618,2012-07-20,1.192,1.926,-0.734
619,2012-07-21,7.4479999999999995,2.494,4.953999999999999
620,2012-07-22,12.811,3.1860000000000004,9.625
621,2012-07-23,8.937999999999999,3.1860000000000004,5.751999999999999
622,2012-07-24,5.6610000000000005,2.8360000000000003,2.825
623,2012-07-25,4.171,2.5540000000000003,1.617
624,2012-07-26,3.575,2.5540000000000003,1.021
625,2012-07-27,3.2769999999999997,2.544,0.7329999999999997
626,2012-07-28,2.9789999999999996,2.414,0.5649999999999995
627,2012-07-29,2.383,2.2969999999999997,0.0860000000000003
628,2012-07-30,2.086,2.1790000000000003,-0.09300000000000042
629,2012-07-31,1.788,2.002,-0.21399999999999975
630,2012-01-08,1.788,2.093,-0.30499999999999994
631,2012-02-08,1.49,2.043,-0.5530000000000002
632,2012-03-08,1.192,1.962,-0.77
633,2012-04-08,1.192,1.8659999999999999,-0.6739999999999999
634,2012-05-08,1.192,1.712,-0.52
635,2012-06-08,1.192,1.615,-0.42300000000000004
636,2012-07-08,0.894,1.5530000000000002,-0.6590000000000001
637,2012-08-08,0.894,1.452,-0.5579999999999999
638,2012-09-08,0.894,1.329,-0.43499999999999994
639,2012-10-08,0.894,1.213,-0.31900000000000006
640,2012-11-08,0.894,1.109,-0.21499999999999997
641,2012-12-08,0.894,1.0390000000000001,-0.14500000000000013
642,2012-08-13,0.894,0.9840000000000001,-0.09000000000000008
643,2012-08-14,0.894,0.91,-0.016000000000000014
644,2012-08-15,0.894,0.8290000000000001,0.06499999999999995
645,2012-08-16,0.894,0.7509999999999999,0.14300000000000013
646,2012-08-17,0.894,0.679,0.21499999999999997
647,2012-08-18,0.894,0.635,0.259
648,2012-08-19,0.894,0.596,0.29800000000000004
649,2012-08-20,0.894,0.5379999999999999,0.3560000000000001
650,2012-08-21,0.894,0.483,0.41100000000000003
651,2012-08-22,0.894,0.474,0.42000000000000004
652,2012-08-23,0.894,0.474,0.42000000000000004
653,2012-08-24,1.192,0.455,0.7369999999999999
654,2012-08-25,1.192,0.431,0.7609999999999999
655,2012-08-26,1.192,0.387,0.8049999999999999
656,2012-08-27,1.192,0.34600000000000003,0.8459999999999999
657,2012-08-28,1.49,0.893,0.597
658,2012-08-29,1.192,1.112,0.07999999999999985
659,2012-08-30,1.192,0.8009999999999999,0.391
660,2012-08-31,1.192,0.731,0.46099999999999997
661,2012-01-09,1.192,0.774,0.4179999999999999
662,2012-02-09,1.192,0.8,0.3919999999999999
663,2012-03-09,1.192,0.821,0.371
664,2012-04-09,1.192,0.868,0.32399999999999995
665,2012-05-09,1.49,0.948,0.542
666,2012-06-09,2.086,1.114,0.9719999999999998
667,2012-07-09,2.9789999999999996,1.2570000000000001,1.7219999999999995
668,2012-08-09,2.9789999999999996,1.3,1.6789999999999996
669,2012-09-09,4.171,1.515,2.6560000000000006
670,2012-10-09,4.7669999999999995,1.598,3.1689999999999996
671,2012-11-09,3.873,1.536,2.337
672,2012-12-09,2.9789999999999996,1.423,1.5559999999999996
673,2012-09-13,2.383,1.685,0.698
674,2012-09-14,2.086,1.695,0.3909999999999998
675,2012-09-15,1.788,1.594,0.19399999999999995
676,2012-09-16,1.788,2.266,-0.478
677,2012-09-17,1.788,2.536,-0.748
678,2012-09-18,1.49,2.3569999999999998,-0.8669999999999998
679,2012-09-19,2.086,9.308,-7.2219999999999995
680,2012-09-20,2.681,11.659,-8.978000000000002
681,2012-09-21,2.9789999999999996,5.13,-2.1510000000000002
682,2012-09-22,3.2769999999999997,3.945,-0.6680000000000001
683,2012-09-23,3.575,3.512,0.06300000000000017
684,2012-09-24,3.2769999999999997,2.884,0.3929999999999998
685,2012-09-25,2.681,2.678,0.0030000000000001137
686,2012-09-26,2.383,2.495,-0.1120000000000001
687,2012-09-27,2.086,2.345,-0.25900000000000034
688,2012-09-28,2.086,2.206,-0.1200000000000001
689,2012-09-29,2.086,2.116,-0.03000000000000025
690,2012-09-30,1.788,2.028,-0.24
691,2012-01-10,1.788,1.8869999999999998,-0.09899999999999975
692,2012-02-10,1.49,1.755,-0.2649999999999999
693,2012-03-10,1.49,1.631,-0.14100000000000001
694,2012-04-10,2.383,1.588,0.7949999999999999
695,2012-05-10,2.383,1.5959999999999999,0.7870000000000001
696,2012-06-10,2.383,1.536,0.847
697,2012-07-10,2.086,1.426,0.6599999999999999
698,2012-08-10,1.788,1.4140000000000001,0.3739999999999999
699,2012-09-10,1.49,1.392,0.09800000000000009
700,2012-10-10,1.49,1.31,0.17999999999999994
701,2012-11-10,1.192,1.235,-0.04300000000000015
702,2012-12-10,1.49,1.2209999999999999,0.26900000000000013
703,2012-10-13,1.49,1.3619999999999999,0.1280000000000001
704,2012-10-14,1.788,1.476,0.31200000000000006
705,2012-10-15,2.086,1.4480000000000002,0.6379999999999997
706,2012-10-16,4.7669999999999995,1.933,2.8339999999999996
707,2012-10-17,7.4479999999999995,2.161,5.286999999999999
708,2012-10-18,6.257000000000001,1.761,4.496
709,2012-10-19,5.3629999999999995,1.651,3.7119999999999997
710,2012-10-20,5.3629999999999995,1.9,3.4629999999999996
711,2012-10-21,4.7669999999999995,2.661,2.1059999999999994
712,2012-10-22,4.468999999999999,3.307,1.1619999999999995
713,2012-10-23,6.257000000000001,3.926,2.3310000000000004
714,2012-10-24,7.4479999999999995,3.707,3.7409999999999997
715,2012-10-25,5.959,3.05,2.909
716,2012-10-26,5.065,3.282,1.7830000000000004
717,2012-10-27,3.873,4.117,-0.24399999999999977
718,2012-10-28,2.9789999999999996,4.059,-1.0800000000000005
719,2012-10-29,2.383,3.286,-0.903
720,2012-10-30,2.086,2.951,-0.8650000000000002
721,2012-10-31,1.788,2.763,-0.9749999999999999
722,2012-01-11,1.49,2.588,-1.098
723,2012-02-11,1.49,2.424,-0.9339999999999999
724,2012-03-11,1.192,2.271,-1.079
725,2012-04-11,1.192,2.293,-1.1010000000000002
726,2012-05-11,1.192,2.734,-1.542
727,2012-06-11,2.383,6.345,-3.9619999999999997
728,2012-07-11,2.9789999999999996,6.477,-3.4980000000000007
729,2012-08-11,3.2769999999999997,4.6819999999999995,-1.4049999999999998
730,2012-09-11,2.681,4.433,-1.7519999999999998
731,2012-10-11,2.383,3.639,-1.2559999999999998
732,2012-11-11,1.788,3.1180000000000003,-1.3300000000000003
733,2012-12-11,2.086,3.053,-0.9670000000000001
734,2012-11-13,3.575,3.8089999999999997,-0.23399999999999954
735,2012-11-14,5.6610000000000005,4.721,0.9400000000000004
736,2012-11-15,4.7669999999999995,4.45,0.3169999999999993
737,2012-11-16,3.2769999999999997,3.63,-0.3530000000000002
738,2012-11-17,2.681,3.412,-0.7309999999999999
739,2012-11-18,2.086,3.306,-1.2200000000000002
740,2012-11-19,2.086,3.3,-1.214
741,2012-11-20,2.086,4.019,-1.9330000000000003
742,2012-11-21,1.788,4.197,-2.409
743,2012-11-22,2.383,3.53,-1.1469999999999998
744,2012-11-23,3.575,3.398,0.17700000000000005
745,2012-11-24,3.2769999999999997,3.2510000000000003,0.025999999999999357
746,2012-11-25,2.681,3.102,-0.4209999999999998
747,2012-11-26,2.383,3.008,-0.625
748,2012-11-27,1.788,2.8689999999999998,-1.0809999999999997
749,2012-11-28,1.788,2.695,-0.9069999999999998
750,2012-11-29,1.788,2.528,-0.74
751,2012-11-30,2.086,2.372,-0.28600000000000003
752,2012-01-12,2.086,2.226,-0.14000000000000012
753,2012-02-12,2.681,2.088,0.593
754,2012-03-12,3.873,1.97,1.9030000000000002
755,2012-04-12,4.7669999999999995,1.879,2.8879999999999995
756,2012-05-12,5.6610000000000005,1.787,3.8740000000000006
757,2012-06-12,6.553999999999999,1.68,4.874
758,2012-07-12,7.746,1.577,6.1690000000000005
759,2012-08-12,7.746,1.48,6.266
760,2012-09-12,8.044,1.389,6.655
761,2012-10-12,8.64,1.3030000000000002,7.337000000000001
762,2012-11-12,9.236,1.2229999999999999,8.013000000000002
763,2012-12-12,10.427999999999999,1.148,9.28
764,2012-12-13,10.427999999999999,1.077,9.350999999999999
765,2012-12-14,11.023,1.011,10.012
766,2012-12-15,11.917,0.9490000000000001,10.968
767,2012-12-16,11.619000000000002,0.89,10.729000000000001
768,2012-12-17,12.215,0.836,11.379
769,2012-12-18,13.109000000000002,0.787,12.322000000000001
770,2012-12-19,13.407,0.745,12.662
771,2012-12-20,14.300999999999998,0.7020000000000001,13.598999999999998
772,2012-12-21,14.897,0.66,14.237
773,2012-12-22,16.386,0.62,15.766
774,2012-12-23,22.941,0.606,22.334999999999997
775,2012-12-24,29.793000000000003,0.594,29.199
776,2012-12-25,33.964,0.583,33.381
777,2012-12-26,36.348,0.573,35.775
778,2012-12-27,39.625,0.552,39.073
779,2012-12-28,41.412,0.534,40.878
780,2012-12-29,43.498000000000005,0.517,42.981
781,2012-12-30,45.583,0.499,45.083999999999996
782,2012-12-31,43.79600000000001,0.48100000000000004,43.315000000000005
783,2013-01-01,43.2,0.46399999999999997,42.736000000000004
784,2013-02-01,30.985,0.436,30.549
785,2013-03-01,18.77,0.419,18.351
786,2013-04-01,10.725999999999999,0.405,10.321
787,2013-05-01,5.6610000000000005,0.767,4.894
788,2013-06-01,3.873,0.862,3.011
789,2013-07-01,2.681,0.8140000000000001,1.867
790,2013-08-01,2.383,0.8059999999999999,1.577
791,2013-09-01,1.788,0.763,1.025
792,2013-10-01,1.49,0.727,0.763
793,2013-11-01,1.788,0.71,1.078
794,2013-12-01,2.681,1.4780000000000002,1.2029999999999998
795,2013-01-13,2.9789999999999996,1.874,1.1049999999999995
796,2013-01-14,2.681,1.337,1.344
797,2013-01-15,2.383,1.2770000000000001,1.1059999999999999
798,2013-01-16,2.086,1.217,0.8689999999999998
799,2013-01-17,2.383,1.16,1.223
800,2013-01-18,2.383,1.561,0.8220000000000001
801,2013-01-19,2.9789999999999996,1.81,1.1689999999999996
802,2013-01-20,2.681,1.5859999999999999,1.0950000000000002
803,2013-01-21,3.2769999999999997,1.754,1.5229999999999997
804,2013-01-22,3.2769999999999997,1.8159999999999998,1.4609999999999999
805,2013-01-23,2.681,1.804,0.877
806,2013-01-24,2.383,1.7830000000000001,0.5999999999999999
807,2013-01-25,2.086,1.744,0.34199999999999986
808,2013-01-26,2.086,1.6969999999999998,0.389
809,2013-01-27,1.788,1.626,0.16200000000000014
810,2013-01-28,1.49,1.535,-0.04499999999999993
811,2013-01-29,1.49,1.459,0.030999999999999917
812,2013-01-30,1.192,1.396,-0.20399999999999996
813,2013-01-31,1.192,1.335,-0.14300000000000002
814,2013-01-02,1.192,1.263,-0.07099999999999995
815,2013-02-02,0.894,1.186,-0.2919999999999999
816,2013-03-02,0.894,1.113,-0.21899999999999997
817,2013-04-02,0.894,1.045,-0.1509999999999999
818,2013-05-02,0.894,0.981,-0.08699999999999997
819,2013-06-02,0.596,0.922,-0.32600000000000007
820,2013-07-02,0.596,0.867,-0.271
821,2013-08-02,0.596,0.8140000000000001,-0.21800000000000008
822,2013-09-02,0.596,0.764,-0.16800000000000004
823,2013-10-02,0.596,0.7170000000000001,-0.12100000000000011
824,2013-11-02,0.596,0.6729999999999999,-0.07699999999999996
825,2013-12-02,0.596,0.67,-0.07400000000000007
826,2013-02-13,0.894,0.672,0.22199999999999998
827,2013-02-14,0.596,0.636,-0.040000000000000036
828,2013-02-15,0.596,0.597,-0.0010000000000000009
829,2013-02-16,0.596,0.561,0.03499999999999992
830,2013-02-17,0.596,0.526,0.06999999999999995
831,2013-02-18,0.596,0.5,0.09599999999999997
832,2013-02-19,0.894,0.485,0.40900000000000003
833,2013-02-20,0.894,0.46799999999999997,0.42600000000000005
834,2013-02-21,0.894,0.451,0.443
835,2013-02-22,0.894,0.442,0.452
836,2013-02-23,0.894,0.46,0.434
837,2013-02-24,0.894,0.516,0.378
838,2013-02-25,0.894,0.5660000000000001,0.32799999999999996
839,2013-02-26,2.681,0.7340000000000001,1.947
840,2013-02-27,3.2769999999999997,0.845,2.4319999999999995
841,2013-02-28,2.681,0.89,1.791
842,2013-01-03,2.086,0.924,1.162
843,2013-02-03,1.788,0.9059999999999999,0.8820000000000001
844,2013-03-03,1.192,0.872,0.31999999999999995
845,2013-04-03,1.192,0.82,0.372
846,2013-05-03,1.192,0.797,0.3949999999999999
847,2013-06-03,1.192,0.79,0.4019999999999999
848,2013-07-03,1.192,0.778,0.4139999999999999
849,2013-08-03,0.894,0.778,0.11599999999999999
850,2013-09-03,0.894,0.7859999999999999,0.1080000000000001
851,2013-10-03,0.894,0.8059999999999999,0.08800000000000008
852,2013-11-03,0.894,0.8220000000000001,0.07199999999999995
853,2013-12-03,0.894,0.8370000000000001,0.05699999999999994
854,2013-03-13,0.894,0.862,0.03200000000000003
855,2013-03-14,0.894,0.8490000000000001,0.04499999999999993
856,2013-03-15,0.596,0.799,-0.20300000000000007
857,2013-03-16,0.596,0.753,-0.15700000000000003
858,2013-03-17,0.298,0.7290000000000001,-0.4310000000000001
859,2013-03-18,0.298,0.703,-0.40499999999999997
860,2013-03-19,0.298,0.6609999999999999,-0.36299999999999993
861,2013-03-20,0.298,0.623,-0.325
862,2013-03-21,0.298,0.598,-0.3
863,2013-03-22,0.298,0.5870000000000001,-0.2890000000000001
864,2013-03-23,0.298,0.5820000000000001,-0.2840000000000001
865,2013-03-24,0.298,0.581,-0.283
866,2013-03-25,0.298,0.593,-0.295
867,2013-03-26,0.298,0.593,-0.295
868,2013-03-27,0.298,0.5660000000000001,-0.26800000000000007
869,2013-03-28,0.298,0.542,-0.24400000000000005
870,2013-03-29,0.596,0.537,0.05899999999999994
871,2013-03-30,0.596,0.521,0.07499999999999996
872,2013-03-31,0.596,0.49,0.10599999999999998
873,2013-01-04,0.596,0.495,0.10099999999999998
874,2013-02-04,0.298,0.509,-0.21100000000000002
875,2013-03-04,0.298,0.506,-0.20800000000000002
876,2013-04-04,0.596,0.521,0.07499999999999996
877,2013-05-04,0.596,0.536,0.05999999999999994
878,2013-06-04,0.596,0.5579999999999999,0.038000000000000034
879,2013-07-04,0.596,0.58,0.016000000000000014
880,2013-08-04,0.596,0.58,0.016000000000000014
881,2013-09-04,0.596,0.5720000000000001,0.02399999999999991
882,2013-10-04,0.596,0.5489999999999999,0.04700000000000004
883,2013-11-04,0.596,0.516,0.07999999999999996
884,2013-12-04,0.298,0.484,-0.186
885,2013-04-13,0.298,0.455,-0.15700000000000003
886,2013-04-14,0.298,0.42700000000000005,-0.12900000000000006
887,2013-04-15,0.298,0.40700000000000003,-0.10900000000000004
888,2013-04-16,0.298,0.38799999999999996,-0.08999999999999997
889,2013-04-17,0.298,0.42200000000000004,-0.12400000000000005
890,2013-04-18,0.596,0.584,0.01200000000000001
891,2013-04-19,0.894,1.107,-0.21299999999999997
892,2013-04-20,1.788,1.9080000000000001,-0.1200000000000001
893,2013-04-21,2.383,1.97,0.41300000000000003
894,2013-04-22,2.383,1.879,0.504
895,2013-04-23,3.873,3.105,0.7680000000000002
896,2013-04-24,5.3629999999999995,6.181,-0.8180000000000005
897,2013-04-25,5.959,7.662000000000001,-1.7030000000000012
898,2013-04-26,5.6610000000000005,7.193,-1.5319999999999991
899,2013-04-27,5.3629999999999995,6.462999999999999,-1.0999999999999996
900,2013-04-28,4.171,4.357,-0.18599999999999994
901,2013-04-29,3.2769999999999997,3.312,-0.03500000000000014
902,2013-04-30,2.681,3.023,-0.3420000000000001
903,2013-01-05,2.9789999999999996,3.708,-0.7290000000000005
904,2013-02-05,3.873,4.3919999999999995,-0.5189999999999992
905,2013-03-05,4.171,4.487,-0.31599999999999984
906,2013-04-05,3.873,4.601,-0.7279999999999998
907,2013-05-05,3.873,5.096,-1.2229999999999999
908,2013-06-05,4.468999999999999,5.377000000000001,-0.9080000000000013
909,2013-07-05,6.852,8.27,-1.4179999999999993
910,2013-08-05,11.619000000000002,11.068,0.5510000000000019
911,2013-09-05,8.342,7.87,0.4720000000000004
912,2013-10-05,5.6610000000000005,5.029,0.6320000000000006
913,2013-11-05,5.6610000000000005,6.2860000000000005,-0.625
914,2013-12-05,7.4479999999999995,11.569,-4.121000000000001
915,2013-05-13,8.044,10.728,-2.6839999999999993
916,2013-05-14,7.15,7.726,-0.5759999999999996
917,2013-05-15,8.342,7.197,1.1450000000000005
918,2013-05-16,10.725999999999999,8.818999999999999,1.907
919,2013-05-17,16.684,13.407,3.277000000000001
920,2013-05-18,20.259,21.671,-1.411999999999999
921,2013-05-19,16.386,22.583000000000002,-6.197000000000003
922,2013-05-20,12.215,14.565999999999999,-2.350999999999999
923,2013-05-21,15.79,12.172,3.6179999999999986
924,2013-05-22,22.345,17.861,4.483999999999998
925,2013-05-23,19.366,23.416,-4.050000000000001
926,2013-05-24,15.79,23.570999999999998,-7.780999999999999
927,2013-05-25,13.407,19.41,-6.003
928,2013-05-26,10.427999999999999,12.034,-1.6060000000000016
929,2013-05-27,8.342,7.54,0.8020000000000005
930,2013-05-28,8.937999999999999,6.98,1.9579999999999984
931,2013-05-29,9.533999999999999,6.2010000000000005,3.3329999999999984
932,2013-05-30,9.236,5.808,3.428000000000001
933,2013-05-31,7.746,5.499,2.2470000000000008
934,2013-01-06,7.15,5.084,2.0660000000000007
935,2013-02-06,7.746,4.654,3.0920000000000005
936,2013-03-06,8.044,4.544,3.500000000000001
937,2013-04-06,8.64,5.093999999999999,3.546000000000001
938,2013-05-06,6.553999999999999,5.07,1.483999999999999
939,2013-06-06,4.468999999999999,4.322,0.14699999999999935
940,2013-07-06,3.575,4.0280000000000005,-0.4530000000000003
941,2013-08-06,2.9789999999999996,3.734,-0.7550000000000003
942,2013-09-06,2.681,3.45,-0.7690000000000001
943,2013-10-06,2.383,3.2,-0.8170000000000002
944,2013-11-06,2.086,2.967,-0.8810000000000002
945,2013-12-06,1.788,2.7310000000000003,-0.9430000000000003
946,2013-06-13,1.788,2.529,-0.7409999999999999
947,2013-06-14,1.49,2.3409999999999997,-0.8509999999999998
948,2013-06-15,1.49,2.167,-0.6769999999999998
949,2013-06-16,1.49,2.006,-0.5159999999999998
950,2013-06-17,1.192,1.8359999999999999,-0.6439999999999999
951,2013-06-18,1.192,1.675,-0.4830000000000001
952,2013-06-19,1.192,1.526,-0.3340000000000001
953,2013-06-20,1.192,1.3869999999999998,-0.19499999999999984
954,2013-06-21,1.192,1.288,-0.09600000000000009
955,2013-06-22,1.192,1.197,-0.0050000000000001155
956,2013-06-23,1.192,1.133,0.05899999999999994
957,2013-06-24,1.49,1.147,0.34299999999999997
958,2013-06-25,1.49,1.193,0.29699999999999993
959,2013-06-26,1.49,1.765,-0.2749999999999999
960,2013-06-27,1.49,1.92,-0.42999999999999994
961,2013-06-28,1.49,1.5190000000000001,-0.029000000000000137
962,2013-06-29,1.192,1.3840000000000001,-0.19200000000000017
963,2013-06-30,1.192,1.258,-0.06600000000000006
964,2013-01-07,1.192,1.64,-0.44799999999999995
965,2013-02-07,1.192,2.369,-1.1770000000000003
966,2013-03-07,0.894,2.285,-1.391
967,2013-04-07,0.894,1.827,-0.9329999999999999
968,2013-05-07,0.894,1.744,-0.85
969,2013-06-07,0.894,1.736,-0.842
970,2013-07-07,0.894,1.706,-0.8119999999999999
971,2013-08-07,0.894,1.945,-1.0510000000000002
972,2013-09-07,1.192,2.119,-0.9270000000000003
973,2013-10-07,1.49,1.899,-0.40900000000000003
974,2013-11-07,1.788,1.8769999999999998,-0.08899999999999975
975,2013-12-07,1.788,2.063,-0.27500000000000013
976,2013-07-13,2.086,2.103,-0.017000000000000348
977,2013-07-14,4.7669999999999995,2.116,2.6509999999999994
978,2013-07-15,11.619000000000002,3.0380000000000003,8.581000000000001
979,2013-07-16,6.852,3.48,3.3720000000000003
980,2013-07-17,4.468999999999999,2.6910000000000003,1.7779999999999991
981,2013-07-18,2.9789999999999996,2.345,0.6339999999999995
982,2013-07-19,2.383,2.303,0.08000000000000007
983,2013-07-20,2.086,2.286,-0.20000000000000018
984,2013-07-21,1.788,2.206,-0.4179999999999999
985,2013-07-22,1.788,2.199,-0.4109999999999998
986,2013-07-23,1.788,2.119,-0.3310000000000002
987,2013-07-24,1.49,1.945,-0.45500000000000007
988,2013-07-25,1.49,1.7819999999999998,-0.2919999999999998
989,2013-07-26,1.192,1.63,-0.43799999999999994
990,2013-07-27,1.192,1.489,-0.29700000000000015
991,2013-07-28,1.192,1.358,-0.16600000000000015
992,2013-07-29,0.894,1.236,-0.34199999999999997
993,2013-07-30,0.894,1.123,-0.22899999999999998
994,2013-07-31,0.894,1.0190000000000001,-0.1250000000000001
995,2013-01-08,0.894,0.9229999999999999,-0.028999999999999915
996,2013-02-08,0.596,0.897,-0.30100000000000005
997,2013-03-08,0.894,0.963,-0.06899999999999995
998,2013-04-08,0.596,0.9540000000000001,-0.3580000000000001
999,2013-05-08,0.596,0.865,-0.269
1000,2013-06-08,0.596,0.782,-0.18600000000000005
1001,2013-07-08,0.596,0.7070000000000001,-0.1110000000000001
1002,2013-08-08,1.192,1.1540000000000001,0.03799999999999981
1003,2013-09-08,1.192,1.518,-0.32600000000000007
1004,2013-10-08,1.49,1.242,0.248
1005,2013-11-08,1.49,1.163,0.32699999999999996
1006,2013-12-08,1.49,1.062,0.42799999999999994
1007,2013-08-13,1.49,0.992,0.498
1008,2013-08-14,1.49,0.929,0.5609999999999999
1009,2013-08-15,1.192,0.845,0.347
1010,2013-08-16,1.192,0.767,0.42499999999999993
1011,2013-08-17,1.192,0.695,0.497
1012,2013-08-18,1.788,1.222,0.5660000000000001
1013,2013-08-19,2.383,1.56,0.823
1014,2013-08-20,2.681,1.5090000000000001,1.172
1015,2013-08-21,2.9789999999999996,1.442,1.5369999999999997
1016,2013-08-22,2.681,1.358,1.323
1017,2013-08-23,2.681,1.345,1.336
1018,2013-08-24,2.681,1.358,1.323
1019,2013-08-25,2.681,1.2930000000000001,1.388
1020,2013-08-26,2.383,1.189,1.194
1021,2013-08-27,2.383,1.167,1.216
1022,2013-08-28,2.9789999999999996,1.165,1.8139999999999996
1023,2013-08-29,5.6610000000000005,1.265,4.396000000000001
1024,2013-08-30,7.4479999999999995,1.422,6.026
1025,2013-08-31,5.6610000000000005,1.416,4.245000000000001
1026,2013-01-09,3.873,1.308,2.5650000000000004
1027,2013-02-09,2.9789999999999996,1.204,1.7749999999999997
1028,2013-03-09,2.383,1.107,1.276
1029,2013-04-09,2.086,1.062,1.0239999999999998
1030,2013-05-09,1.788,1.023,0.7650000000000001
1031,2013-06-09,1.788,0.9470000000000001,0.841
1032,2013-07-09,1.788,1.23,0.558
1033,2013-08-09,1.788,1.403,0.385
1034,2013-09-09,1.639,1.2830000000000001,0.35599999999999987
1035,2013-10-09,1.49,1.186,0.30400000000000005
1036,2013-11-09,1.788,1.157,0.631
1037,2013-12-09,2.086,1.1909999999999998,0.895
1038,2013-09-13,2.086,1.159,0.9269999999999998
1039,2013-09-14,2.086,1.07,1.0159999999999998
1040,2013-09-15,1.788,1.028,0.76
1041,2013-09-16,1.788,1.092,0.696
1042,2013-09-17,1.49,1.101,0.389
1043,2013-09-18,1.49,1.018,0.472
1044,2013-09-19,1.49,0.9390000000000001,0.5509999999999999
1045,2013-09-20,1.192,0.866,0.32599999999999996
1046,2013-09-21,1.192,0.7979999999999999,0.394
1047,2013-09-22,0.894,0.7340000000000001,0.15999999999999992
1048,2013-09-23,0.894,0.675,0.21899999999999997
1049,2013-09-24,0.894,0.626,0.268
1050,2013-09-25,1.192,0.667,0.5249999999999999
1051,2013-09-26,1.192,0.779,0.4129999999999999
1052,2013-09-27,1.192,0.8340000000000001,0.3579999999999999
1053,2013-09-28,1.192,0.8059999999999999,0.386
1054,2013-09-29,1.192,0.745,0.44699999999999995
1055,2013-09-30,0.894,0.6859999999999999,0.20800000000000007
1056,2013-01-10,0.894,0.631,0.263
1057,2013-02-10,1.49,0.7090000000000001,0.7809999999999999
1058,2013-03-10,2.086,0.826,1.2599999999999998
1059,2013-04-10,2.681,0.9079999999999999,1.7730000000000001
1060,2013-05-10,4.7669999999999995,1.209,3.5579999999999994
1061,2013-06-10,8.937999999999999,2.6439999999999997,6.293999999999999
1062,2013-07-10,8.937999999999999,3.1039999999999996,5.834
1063,2013-08-10,5.3629999999999995,2.181,3.1819999999999995
1064,2013-09-10,3.873,1.7619999999999998,2.1110000000000007
1065,2013-10-10,3.575,1.992,1.5830000000000002
1066,2013-11-10,3.873,2.7560000000000002,1.117
1067,2013-12-10,4.468999999999999,3.2689999999999997,1.1999999999999997
1068,2013-10-13,4.7669999999999995,3.6430000000000002,1.1239999999999992
1069,2013-10-14,5.065,3.944,1.1210000000000004
1070,2013-10-15,7.4479999999999995,5.19,2.257999999999999
1071,2013-10-16,6.257000000000001,4.548,1.7090000000000005
1072,2013-10-17,4.171,3.4530000000000003,0.718
1073,2013-10-18,3.2769999999999997,2.877,0.3999999999999999
1074,2013-10-19,2.383,2.707,-0.32399999999999984
1075,2013-10-20,2.383,2.708,-0.3250000000000002
1076,2013-10-21,2.086,2.823,-0.7370000000000001
1077,2013-10-22,1.788,2.873,-1.0850000000000002
1078,2013-10-23,1.788,2.7880000000000003,-1.0000000000000002
1079,2013-10-24,1.49,2.62,-1.1300000000000001
1080,2013-10-25,1.49,2.479,-0.9890000000000001
1081,2013-10-26,1.49,2.362,-0.8720000000000001
1082,2013-10-27,1.49,2.24,-0.7500000000000002
1083,2013-10-28,1.192,2.147,-0.9549999999999998
1084,2013-10-29,1.49,2.965,-1.4749999999999999
1085,2013-10-30,3.575,6.816,-3.2409999999999997
1086,2013-10-31,5.959,7.962000000000001,-2.003000000000001
1087,2013-01-11,4.7669999999999995,4.474,0.29299999999999926
1088,2013-02-11,3.873,3.315,0.5580000000000003
1089,2013-03-11,3.2769999999999997,2.803,0.47399999999999975
1090,2013-04-11,2.383,2.637,-0.254
1091,2013-05-11,1.788,2.47,-0.6820000000000002
1092,2013-06-11,1.788,2.322,-0.534
1093,2013-07-11,1.49,2.188,-0.6980000000000002
1094,2013-08-11,1.192,2.055,-0.8630000000000002
1095,2013-09-11,1.192,1.9269999999999998,-0.7349999999999999
1096,2013-10-11,1.192,1.806,-0.6140000000000001
1097,2013-11-11,1.192,1.959,-0.7670000000000001
1098,2013-12-11,0.894,1.97,-1.076
1099,2013-11-13,0.894,1.965,-1.0710000000000002
1100,2013-11-14,0.894,1.964,-1.0699999999999998
1101,2013-11-15,1.192,1.892,-0.7
1102,2013-11-16,1.49,1.81,-0.32000000000000006
1103,2013-11-17,1.49,1.7469999999999999,-0.2569999999999999
1104,2013-11-18,1.192,1.692,-0.5
1105,2013-11-19,1.192,1.6159999999999999,-0.42399999999999993
1106,2013-11-20,1.192,1.524,-0.3320000000000001
1107,2013-11-21,1.192,1.479,-0.28700000000000014
1108,2013-11-22,1.192,1.4380000000000002,-0.24600000000000022
1109,2013-11-23,1.49,1.369,0.121
1110,2013-11-24,1.49,1.295,0.19500000000000006
1111,2013-11-25,1.49,1.24,0.25
1112,2013-11-26,1.192,1.226,-0.03400000000000003
1113,2013-11-27,1.192,1.189,0.0029999999999998916
1114,2013-11-28,1.192,1.151,0.040999999999999925
1115,2013-11-29,1.192,1.129,0.06299999999999994
1116,2013-11-30,1.192,1.1079999999999999,0.08400000000000007
1117,2013-01-12,1.192,1.125,0.06699999999999995
1118,2013-02-12,1.192,1.147,0.04499999999999993
1119,2013-03-12,1.192,1.146,0.04600000000000004
1120,2013-04-12,1.192,1.172,0.020000000000000018
1121,2013-05-12,1.192,1.162,0.030000000000000027
1122,2013-06-12,1.192,1.091,0.10099999999999998
1123,2013-07-12,0.894,1.052,-0.15800000000000003
1124,2013-08-12,1.192,1.0270000000000001,0.1649999999999998
1125,2013-09-12,1.192,0.986,0.20599999999999996
1126,2013-10-12,1.192,0.935,0.2569999999999999
1127,2013-11-12,1.192,0.892,0.29999999999999993
1128,2013-12-12,1.49,1.203,0.2869999999999999
1129,2013-12-13,1.192,1.2790000000000001,-0.08700000000000019
1130,2013-12-14,1.192,1.224,-0.03200000000000003
1131,2013-12-15,1.192,1.18,0.01200000000000001
1132,2013-12-16,1.192,1.1079999999999999,0.08400000000000007
1133,2013-12-17,1.192,1.04,0.1519999999999999
1134,2013-12-18,0.894,0.992,-0.09799999999999998
1135,2013-12-19,0.894,1.06,-0.16600000000000004
1136,2013-12-20,0.894,1.092,-0.19800000000000006
1137,2013-12-21,0.894,1.031,-0.1369999999999999
1138,2013-12-22,0.894,0.9940000000000001,-0.10000000000000009
1139,2013-12-23,0.894,0.965,-0.07099999999999995
1140,2013-12-24,0.894,0.945,-0.050999999999999934
1141,2013-12-25,0.894,0.919,-0.025000000000000022
1142,2013-12-26,0.894,0.882,0.01200000000000001
1143,2013-12-27,0.894,1.2309999999999999,-0.33699999999999986
1144,2013-12-28,0.894,1.574,-0.68
1145,2013-12-29,0.894,1.3880000000000001,-0.4940000000000001
1146,2013-12-30,1.192,1.389,-0.19700000000000006
1147,2013-12-31,1.192,1.382,-0.18999999999999995
1148,2014-01-01,1.192,1.319,-0.127
1149,2014-02-01,0.894,1.248,-0.354
1150,2014-03-01,0.894,1.171,-0.277
1151,2014-04-01,0.894,1.102,-0.20800000000000007
1152,2014-05-01,0.894,1.037,-0.1429999999999999
1153,2014-06-01,0.894,0.9940000000000001,-0.10000000000000009
1154,2014-07-01,0.894,0.956,-0.061999999999999944
1155,2014-08-01,0.894,0.925,-0.031000000000000028
1156,2014-09-01,0.894,0.902,-0.008000000000000007
1157,2014-10-01,0.894,0.8690000000000001,0.02499999999999991
1158,2014-11-01,0.894,0.828,0.06600000000000006
1159,2014-12-01,0.894,0.78,0.11399999999999999
1160,2014-01-13,0.894,0.742,0.15200000000000002
1161,2014-01-14,0.894,0.706,0.18800000000000006
1162,2014-01-15,0.894,0.6629999999999999,0.2310000000000001
1163,2014-01-16,0.596,0.622,-0.026000000000000023
1164,2014-01-17,0.596,0.584,0.01200000000000001
1165,2014-01-18,0.596,0.5479999999999999,0.04800000000000004
1166,2014-01-19,0.596,0.514,0.08199999999999996
1167,2014-01-20,0.596,0.483,0.11299999999999999
1168,2014-01-21,0.596,0.456,0.13999999999999996
1169,2014-01-22,0.596,0.43200000000000005,0.16399999999999992
1170,2014-01-23,0.596,0.405,0.19099999999999995
1171,2014-01-24,0.298,0.38,-0.08200000000000002
1172,2014-01-25,0.298,0.35700000000000004,-0.05900000000000005
1173,2014-01-26,0.298,0.335,-0.03700000000000003
1174,2014-01-27,0.298,0.316,-0.018000000000000016
1175,2014-01-28,0.298,0.3,-0.0020000000000000018
1176,2014-01-29,0.298,0.285,0.013000000000000012
1177,2014-01-30,0.298,0.267,0.030999999999999972
1178,2014-01-31,0.298,0.251,0.046999999999999986
1179,2014-01-02,0.298,0.235,0.063
1180,2014-02-02,0.298,0.221,0.07699999999999999
1181,2014-03-02,0.298,0.207,0.091
1182,2014-04-02,0.298,0.195,0.10299999999999998
1183,2014-05-02,0.298,0.225,0.07299999999999998
1184,2014-06-02,0.298,0.255,0.04299999999999998
1185,2014-07-02,0.298,0.24100000000000002,0.05699999999999997
1186,2014-08-02,0.298,0.226,0.07199999999999998
1187,2014-09-02,0.298,0.212,0.086
1188,2014-10-02,0.298,0.20800000000000002,0.08999999999999997
1189,2014-11-02,0.298,0.3,-0.0020000000000000018
1190,2014-12-02,0.298,0.37200000000000005,-0.07400000000000007
1191,2014-02-13,0.298,0.355,-0.056999999999999995
1192,2014-02-14,0.298,0.33399999999999996,-0.035999999999999976
1193,2014-02-15,0.298,0.313,-0.015000000000000013
1194,2014-02-16,0.298,0.294,0.0040000000000000036
1195,2014-02-17,0.298,0.276,0.021999999999999964
1196,2014-02-18,0.298,0.259,0.03899999999999998
1197,2014-02-19,0.0,0.243,-0.243
1198,2014-02-20,0.0,0.228,-0.228
1199,2014-02-21,0.298,0.214,0.08399999999999999
1200,2014-02-22,0.298,0.20199999999999999,0.096
1201,2014-02-23,0.0,0.192,-0.192
1202,2014-02-24,0.0,0.18,-0.18
1203,2014-02-25,0.0,0.322,-0.322
1204,2014-02-26,0.298,0.731,-0.433
1205,2014-02-27,0.298,0.8029999999999999,-0.5049999999999999
1206,2014-02-28,0.298,0.767,-0.46900000000000003
1207,2014-01-03,0.298,0.743,-0.445
1208,2014-02-03,0.298,0.718,-0.42
1209,2014-03-03,0.298,0.6779999999999999,-0.37999999999999995
1210,2014-04-03,0.298,0.636,-0.338
1211,2014-05-03,0.298,0.597,-0.299
1212,2014-06-03,0.298,0.561,-0.26300000000000007
1213,2014-07-03,0.298,0.5579999999999999,-0.25999999999999995
1214,2014-08-03,0.298,0.871,-0.573
1215,2014-09-03,0.298,1.696,-1.398
1216,2014-10-03,0.596,2.289,-1.693
1217,2014-11-03,1.192,2.556,-1.364
1218,2014-12-03,1.788,2.552,-0.764
1219,2014-03-13,2.383,2.1319999999999997,0.25100000000000033
1220,2014-03-14,2.383,1.9140000000000001,0.46899999999999986
1221,2014-03-15,2.086,1.837,0.2489999999999999
1222,2014-03-16,1.788,1.746,0.04200000000000004
1223,2014-03-17,1.49,1.673,-0.18300000000000005
1224,2014-03-18,1.49,1.6219999999999999,-0.1319999999999999
1225,2014-03-19,1.192,1.5759999999999998,-0.3839999999999999
1226,2014-03-20,1.192,1.5230000000000001,-0.3310000000000002
1227,2014-03-21,0.894,1.463,-0.5690000000000001
1228,2014-03-22,0.894,1.392,-0.4979999999999999
1229,2014-03-23,0.894,1.315,-0.42099999999999993
1230,2014-03-24,0.894,1.252,-0.358
1231,2014-03-25,0.894,1.206,-0.31199999999999994
1232,2014-03-26,0.894,1.162,-0.2679999999999999
1233,2014-03-27,0.894,1.153,-0.259
1234,2014-03-28,1.192,1.198,-0.006000000000000005
1235,2014-03-29,3.575,1.6,1.975
1236,2014-03-30,4.468999999999999,1.7309999999999999,2.7379999999999995
1237,2014-03-31,3.873,1.591,2.282
1238,2014-01-04,2.9789999999999996,1.534,1.4449999999999996
1239,2014-02-04,2.383,1.4969999999999999,0.8860000000000001
1240,2014-03-04,1.788,1.4680000000000002,0.31999999999999984
1241,2014-04-04,1.788,1.4140000000000001,0.3739999999999999
1242,2014-05-04,1.788,1.374,0.4139999999999999
1243,2014-06-04,1.49,1.3419999999999999,0.14800000000000013
1244,2014-07-04,1.192,1.301,-0.10899999999999999
1245,2014-08-04,0.894,1.262,-0.368
1246,2014-09-04,0.894,1.208,-0.31399999999999995
1247,2014-10-04,0.894,1.14,-0.24599999999999989
1248,2014-11-04,0.894,1.075,-0.18099999999999994
1249,2014-12-04,0.894,1.0390000000000001,-0.14500000000000013
1250,2014-04-13,0.894,1.087,-0.19299999999999995
1251,2014-04-14,0.894,1.4769999999999999,-0.5829999999999999
1252,2014-04-15,1.192,1.5490000000000002,-0.3570000000000002
1253,2014-04-16,1.192,1.445,-0.2530000000000001
1254,2014-04-17,1.192,1.442,-0.25
1255,2014-04-18,1.49,1.505,-0.014999999999999902
1256,2014-04-19,1.788,1.4969999999999999,0.29100000000000015
1257,2014-04-20,2.383,1.9580000000000002,0.4249999999999998
1258,2014-04-21,2.086,2.194,-0.1080000000000001
1259,2014-04-22,2.086,2.302,-0.2160000000000002
1260,2014-04-23,1.788,2.397,-0.6089999999999998
1261,2014-04-24,3.575,2.603,0.972
1262,2014-04-25,6.257000000000001,3.05,3.2070000000000007
1263,2014-04-26,5.959,2.853,3.1059999999999994
1264,2014-04-27,5.6610000000000005,2.739,2.9220000000000006
1265,2014-04-28,4.468999999999999,2.725,1.7439999999999993
1266,2014-04-29,3.2769999999999997,2.5789999999999997,0.698
1267,2014-04-30,2.681,2.438,0.24299999999999988
1268,2014-01-05,2.086,2.319,-0.2330000000000001
1269,2014-02-05,1.788,2.204,-0.41600000000000015
1270,2014-03-05,1.788,2.099,-0.31100000000000017
1271,2014-04-05,1.49,1.995,-0.5050000000000001
1272,2014-05-05,1.49,1.882,-0.3919999999999999
1273,2014-06-05,1.49,1.776,-0.28600000000000003
1274,2014-07-05,1.192,1.669,-0.4770000000000001
1275,2014-08-05,1.192,1.567,-0.375
1276,2014-09-05,1.192,1.4709999999999999,-0.2789999999999999
1277,2014-10-05,1.192,1.415,-0.2230000000000001
1278,2014-11-05,1.49,1.99,-0.5
1279,2014-12-05,1.788,2.8689999999999998,-1.0809999999999997
1280,2014-05-13,1.788,2.852,-1.0639999999999998
1281,2014-05-14,1.788,2.229,-0.44100000000000006
1282,2014-05-15,1.788,2.051,-0.2630000000000001
1283,2014-05-16,1.788,1.943,-0.15500000000000003
1284,2014-05-17,3.2769999999999997,2.503,0.7739999999999996
1285,2014-05-18,13.407,8.831,4.5760000000000005
1286,2014-05-19,18.77,13.015999999999998,5.754000000000001
1287,2014-05-20,24.43,17.335,7.094999999999999
1288,2014-05-21,33.07,22.979,10.091000000000001
1289,2014-05-22,18.472,19.072,-0.5999999999999979
1290,2014-05-23,10.13,14.960999999999999,-4.830999999999998
1291,2014-05-24,12.811,14.935,-2.1240000000000006
1292,2014-05-25,17.28,12.440999999999999,4.839000000000002
1293,2014-05-26,9.236,6.2989999999999995,2.937000000000001
1294,2014-05-27,6.553999999999999,4.341,2.212999999999999
1295,2014-05-28,7.4479999999999995,4.361000000000001,3.086999999999999
1296,2014-05-29,10.13,10.142999999999999,-0.012999999999998124
1297,2014-05-30,11.023,17.018,-5.995000000000001
1298,2014-05-31,11.619000000000002,17.224,-5.604999999999999
1299,2014-01-06,11.321,15.404000000000002,-4.083000000000002
1300,2014-02-06,19.067999999999998,15.524000000000001,3.543999999999997
1301,2014-03-06,15.79,17.685,-1.8949999999999996
1302,2014-04-06,14.897,19.826,-4.929
1303,2014-05-06,17.875999999999998,21.123,-3.2470000000000034
1304,2014-06-06,18.174,25.553,-7.379000000000001
1305,2014-07-06,13.109000000000002,22.189,-9.079999999999998
1306,2014-08-06,9.533999999999999,13.232000000000001,-3.698000000000002
1307,2014-09-06,10.725999999999999,9.708,1.017999999999999
1308,2014-10-06,9.832,10.0,-0.16799999999999926
1309,2014-11-06,7.746,9.846,-2.0999999999999996
1310,2014-12-06,6.553999999999999,7.787999999999999,-1.234
1311,2014-06-13,5.6610000000000005,5.749,-0.08799999999999919
1312,2014-06-14,5.3629999999999995,5.223,0.13999999999999968
1313,2014-06-15,5.959,4.936,1.0229999999999997
1314,2014-06-16,5.3629999999999995,5.019,0.3439999999999994
1315,2014-06-17,4.468999999999999,4.923,-0.4540000000000006
1316,2014-06-18,3.575,4.41,-0.835
1317,2014-06-19,2.9789999999999996,4.158,-1.1790000000000007
1318,2014-06-20,4.171,4.808,-0.6369999999999996
1319,2014-06-21,19.366,8.78,10.586
1320,2014-06-22,16.088,12.350999999999999,3.737000000000002
1321,2014-06-23,10.725999999999999,7.997000000000001,2.7289999999999983
1322,2014-06-24,7.15,5.147,2.003
1323,2014-06-25,5.065,4.417,0.6480000000000006
1324,2014-06-26,4.171,4.021,0.15000000000000036
1325,2014-06-27,3.2769999999999997,3.779,-0.5020000000000002
1326,2014-06-28,2.681,3.532,-0.851
1327,2014-06-29,2.383,3.312,-0.9289999999999998
1328,2014-06-30,2.383,3.1060000000000003,-0.7230000000000003
1329,2014-01-07,2.086,2.905,-0.819
1330,2014-02-07,2.086,2.705,-0.6190000000000002
1331,2014-03-07,2.086,2.5069999999999997,-0.4209999999999998
1332,2014-04-07,1.788,2.315,-0.5269999999999999
1333,2014-05-07,1.788,2.129,-0.34099999999999997
1334,2014-06-07,1.788,1.953,-0.16500000000000004
1335,2014-07-07,1.49,1.786,-0.29600000000000004
1336,2014-08-07,1.49,1.629,-0.139
1337,2014-09-07,1.49,1.483,0.006999999999999895
1338,2014-10-07,1.192,1.347,-0.15500000000000003
1339,2014-11-07,1.192,1.222,-0.030000000000000027
1340,2014-12-07,0.894,1.111,-0.21699999999999997
1341,2014-07-13,0.894,1.01,-0.11599999999999999
1342,2014-07-14,0.894,0.914,-0.020000000000000018
1343,2014-07-15,0.894,0.8240000000000001,0.06999999999999995
1344,2014-07-16,0.894,0.738,0.15600000000000003
1345,2014-07-17,0.596,0.6579999999999999,-0.061999999999999944
1346,2014-07-18,0.596,0.701,-0.10499999999999998
1347,2014-07-19,0.596,0.725,-0.129
1348,2014-07-20,0.596,0.6629999999999999,-0.06699999999999995
1349,2014-07-21,0.596,0.605,-0.009000000000000008
1350,2014-07-22,0.596,0.5379999999999999,0.05800000000000005
1351,2014-07-23,0.596,0.485,0.11099999999999999
1352,2014-07-24,0.596,0.43700000000000006,0.15899999999999992
1353,2014-07-25,0.596,0.38299999999999995,0.21300000000000002
1354,2014-07-26,0.596,0.335,0.26099999999999995
1355,2014-07-27,0.596,0.29100000000000004,0.30499999999999994
1356,2014-07-28,0.596,0.29,0.306
1357,2014-07-29,0.596,0.289,0.307
1358,2014-07-30,0.596,0.249,0.347
1359,2014-07-31,0.298,0.36700000000000005,-0.06900000000000006
1360,2014-01-08,0.298,0.451,-0.15300000000000002
1361,2014-02-08,0.298,0.40299999999999997,-0.10499999999999998
1362,2014-03-08,0.298,0.354,-0.055999999999999994
1363,2014-04-08,0.298,0.311,-0.013000000000000012
1364,2014-05-08,0.298,0.272,0.025999999999999968
1365,2014-06-08,0.298,1.2590000000000001,-0.9610000000000001
1366,2014-07-08,0.298,2.266,-1.968
1367,2014-08-08,0.298,2.4330000000000003,-2.1350000000000002
1368,2014-09-08,0.596,2.285,-1.689
1369,2014-10-08,0.298,1.62,-1.322
1370,2014-11-08,0.298,1.327,-1.029
1371,2014-12-08,0.298,1.215,-0.917
1372,2014-08-13,0.298,1.222,-0.9239999999999999
1373,2014-08-14,0.298,1.585,-1.287
1374,2014-08-15,0.298,1.633,-1.335
1375,2014-08-16,0.596,1.515,-0.9189999999999999
1376,2014-08-17,0.894,1.54,-0.646
1377,2014-08-18,1.49,1.6480000000000001,-0.15800000000000014
1378,2014-08-19,2.086,1.696,0.3899999999999999
1379,2014-08-20,2.086,1.629,0.45699999999999985
1380,2014-08-21,2.086,1.9580000000000002,0.12799999999999967
1381,2014-08-22,2.086,1.985,0.10099999999999976
1382,2014-08-23,1.788,1.751,0.037000000000000144
1383,2014-08-24,1.49,1.62,-0.13000000000000012
1384,2014-08-25,1.49,1.4969999999999999,-0.006999999999999895
1385,2014-08-26,1.192,1.3780000000000001,-0.18600000000000017
1386,2014-08-27,1.192,1.266,-0.07400000000000007
1387,2014-08-28,1.192,1.21,-0.018000000000000016
1388,2014-08-29,1.192,1.161,0.030999999999999917
1389,2014-08-30,1.192,1.067,0.125
1390,2014-08-31,1.192,0.978,0.21399999999999997
1391,2014-01-09,1.192,0.8959999999999999,0.29600000000000004
1392,2014-02-09,0.894,0.821,0.07300000000000006
1393,2014-03-09,1.192,0.9209999999999999,0.271
1394,2014-04-09,2.681,1.104,1.577
1395,2014-05-09,4.468999999999999,1.265,3.2039999999999997
1396,2014-06-09,4.468999999999999,1.41,3.0589999999999993
1397,2014-07-09,4.468999999999999,1.446,3.0229999999999997
1398,2014-08-09,5.3629999999999995,1.4469999999999998,3.9159999999999995
1399,2014-09-09,4.468999999999999,1.402,3.0669999999999993
1400,2014-10-09,3.873,1.443,2.43
1401,2014-11-09,4.468999999999999,1.46,3.0089999999999995
1402,2014-12-09,4.171,1.426,2.745
1403,2014-09-13,3.873,1.463,2.41
1404,2014-09-14,3.2769999999999997,1.5519999999999998,1.7249999999999999
1405,2014-09-15,2.681,1.625,1.056
1406,2014-09-16,2.383,1.5830000000000002,0.7999999999999998
1407,2014-09-17,2.086,1.4709999999999999,0.615
1408,2014-09-18,1.788,1.419,0.369
1409,2014-09-19,1.49,1.449,0.040999999999999925
1410,2014-09-20,1.49,1.4140000000000001,0.07599999999999985
1411,2014-09-21,1.192,1.344,-0.15200000000000014
1412,2014-09-22,1.192,1.5590000000000002,-0.3670000000000002
1413,2014-09-23,1.192,1.881,-0.6890000000000001
1414,2014-09-24,1.192,1.757,-0.565
1415,2014-09-25,2.681,2.063,0.6179999999999999
1416,2014-09-26,4.171,2.42,1.7510000000000003
1417,2014-09-27,4.171,2.456,1.7150000000000003
1418,2014-09-28,3.575,2.299,1.2760000000000002
1419,2014-09-29,2.9789999999999996,2.213,0.7659999999999996
1420,2014-09-30,2.9789999999999996,2.237,0.7419999999999995
1421,2014-01-10,2.9789999999999996,2.204,0.7749999999999995
1422,2014-02-10,2.681,2.052,0.629
1423,2014-03-10,2.681,2.026,0.6550000000000002
1424,2014-04-10,2.086,1.984,0.10199999999999987
1425,2014-05-10,2.086,1.8459999999999999,0.24
1426,2014-06-10,1.788,1.716,0.07200000000000006
1427,2014-07-10,1.49,1.594,-0.10400000000000009
1428,2014-08-10,1.49,1.484,0.006000000000000005
1429,2014-09-10,1.49,1.4,0.09000000000000008
1430,2014-10-10,1.192,1.319,-0.127
1431,2014-11-10,1.192,1.224,-0.03200000000000003
1432,2014-12-10,1.192,1.141,0.050999999999999934
1433,2014-10-13,1.192,1.181,0.010999999999999899
1434,2014-10-14,1.192,1.275,-0.08299999999999996
1435,2014-10-15,1.192,1.2770000000000001,-0.08500000000000019
1436,2014-10-16,1.192,1.218,-0.026000000000000023
1437,2014-10-17,1.192,1.1420000000000001,0.04999999999999982
1438,2014-10-18,1.192,1.2109999999999999,-0.018999999999999906
1439,2014-10-19,1.192,1.262,-0.07000000000000006
1440,2014-10-20,1.192,1.188,0.0040000000000000036
1441,2014-10-21,1.192,1.1079999999999999,0.08400000000000007
1442,2014-10-22,1.192,1.034,0.15799999999999992
1443,2014-10-23,0.894,0.965,-0.07099999999999995
1444,2014-10-24,0.894,0.9,-0.006000000000000005
1445,2014-10-25,0.894,0.8540000000000001,0.039999999999999925
1446,2014-10-26,1.192,1.157,0.03499999999999992
1447,2014-10-27,1.49,1.7309999999999999,-0.24099999999999988
1448,2014-10-28,2.383,2.832,-0.44899999999999984
1449,2014-10-29,2.9789999999999996,4.489,-1.5100000000000002
1450,2014-10-30,3.2769999999999997,3.457,-0.18000000000000016
1451,2014-10-31,2.9789999999999996,2.903,0.07599999999999962
1452,2014-01-11,2.383,2.334,0.04899999999999993
1453,2014-02-11,2.086,2.124,-0.038000000000000256
1454,2014-03-11,2.681,2.248,0.43299999999999983
1455,2014-04-11,2.9789999999999996,2.355,0.6239999999999997
1456,2014-05-11,2.383,2.294,0.08899999999999997
1457,2014-06-11,2.086,2.173,-0.08700000000000019
1458,2014-07-11,2.086,2.041,0.04499999999999993
1459,2014-08-11,1.788,1.9140000000000001,-0.1260000000000001
1460,2014-09-11,1.49,1.796,-0.30600000000000005
1461,2014-10-11,1.49,1.729,-0.2390000000000001
1462,2014-11-11,1.192,1.6669999999999998,-0.47499999999999987
1463,2014-12-11,1.192,1.575,-0.383
1464,2014-11-13,1.192,1.504,-0.31200000000000006
1465,2014-11-14,1.192,1.453,-0.2610000000000001
1466,2014-11-15,1.192,1.393,-0.20100000000000007
1467,2014-11-16,1.192,1.314,-0.12200000000000011
1468,2014-11-17,1.788,1.8459999999999999,-0.05799999999999983
1469,2014-11-18,7.15,3.838,3.3120000000000003
1470,2014-11-19,22.046999999999997,11.998,10.048999999999998
1471,2014-11-20,18.174,14.931,3.2430000000000003
1472,2014-11-21,11.619000000000002,9.896,1.7230000000000008
1473,2014-11-22,8.044,4.704,3.3400000000000007
1474,2014-11-23,6.257000000000001,3.478,2.7790000000000004
1475,2014-11-24,4.7669999999999995,2.787,1.9799999999999995
1476,2014-11-25,3.575,2.5610000000000004,1.0139999999999998
1477,2014-11-26,2.9789999999999996,2.42,0.5589999999999997
1478,2014-11-27,2.9789999999999996,2.38,0.5989999999999998
1479,2014-11-28,2.9789999999999996,2.351,0.6279999999999997
1480,2014-11-29,2.9789999999999996,2.298,0.6809999999999996
1481,2014-11-30,2.681,2.219,0.4620000000000002
1482,2014-01-12,2.383,2.08,0.30299999999999994
1483,2014-02-12,2.9789999999999996,1.949,1.0299999999999996
1484,2014-03-12,4.171,1.865,2.306
1485,2014-04-12,5.959,1.818,4.141
1486,2014-05-12,7.15,1.7530000000000001,5.397
1487,2014-06-12,8.342,1.919,6.423
1488,2014-07-12,8.342,1.996,6.346
1489,2014-08-12,5.959,1.933,4.026
1490,2014-09-12,3.873,1.814,2.059
1491,2014-10-12,2.681,1.702,0.9790000000000001
1492,2014-11-12,1.788,1.601,0.18700000000000006
1493,2014-12-12,1.49,1.508,-0.018000000000000016
1494,2014-12-13,1.192,1.415,-0.2230000000000001
1495,2014-12-14,1.192,1.327,-0.135
1496,2014-12-15,0.894,1.245,-0.3510000000000001
1497,2014-12-16,0.894,1.1840000000000002,-0.29000000000000015
1498,2014-12-17,1.192,1.193,-0.001000000000000112
1499,2014-12-18,1.192,1.186,0.006000000000000005
1500,2014-12-19,0.894,1.122,-0.2280000000000001
1501,2014-12-20,0.894,1.0590000000000002,-0.16500000000000015
1502,2014-12-21,0.894,0.9940000000000001,-0.10000000000000009
1503,2014-12-22,0.894,0.9540000000000001,-0.06000000000000005
1504,2014-12-23,1.192,0.935,0.2569999999999999
1505,2014-12-24,1.192,0.915,0.2769999999999999
1506,2014-12-25,1.192,0.8809999999999999,0.31100000000000005
1507,2014-12-26,1.192,0.8320000000000001,0.3599999999999999
1508,2014-12-27,0.894,0.787,0.10699999999999998
1509,2014-12-28,0.894,0.7609999999999999,0.13300000000000012
1510,2014-12-29,0.894,0.732,0.16200000000000003
1511,2014-12-30,0.894,0.711,0.18300000000000005
1512,2014-12-31,1.192,1.185,0.006999999999999895
1513,2015-01-01,0.894,1.347,-0.45299999999999996
1514,2015-02-01,1.192,1.8019999999999998,-0.6099999999999999
1515,2015-03-01,1.192,2.055,-0.8630000000000002
1516,2015-04-01,1.192,1.61,-0.41800000000000015
1517,2015-05-01,1.192,1.5330000000000001,-0.3410000000000002
1518,2015-06-01,1.192,1.439,-0.2470000000000001
1519,2015-07-01,0.894,1.351,-0.45699999999999996
1520,2015-08-01,0.894,1.3,-0.406
1521,2015-09-01,0.894,1.254,-0.36
1522,2015-10-01,0.894,1.19,-0.29599999999999993
1523,2015-11-01,0.596,1.129,-0.533
1524,2015-12-01,0.596,1.06,-0.4640000000000001
1525,2015-01-13,0.596,0.995,-0.399
1526,2015-01-14,0.596,0.951,-0.355
1527,2015-01-15,0.596,0.91,-0.31400000000000006
1528,2015-01-16,0.596,0.8540000000000001,-0.2580000000000001
1529,2015-01-17,0.596,0.8140000000000001,-0.21800000000000008
1530,2015-01-18,0.596,0.8059999999999999,-0.20999999999999996
1531,2015-01-19,0.596,0.789,-0.19300000000000006
1532,2015-01-20,0.596,0.743,-0.14700000000000002
1533,2015-01-21,0.596,0.6970000000000001,-0.10100000000000009
1534,2015-01-22,0.596,0.654,-0.05800000000000005
1535,2015-01-23,0.596,0.614,-0.018000000000000016
1536,2015-01-24,0.596,0.5760000000000001,0.019999999999999907
1537,2015-01-25,0.298,0.541,-0.24300000000000005
1538,2015-01-26,0.298,0.508,-0.21000000000000002
1539,2015-01-27,0.298,0.479,-0.181
1540,2015-01-28,0.298,0.46799999999999997,-0.16999999999999998
1541,2015-01-29,0.596,0.486,0.10999999999999999
1542,2015-01-30,0.596,0.488,0.10799999999999998
1543,2015-01-31,0.596,0.465,0.13099999999999995
1544,2015-01-02,0.596,0.44,0.15599999999999997
1545,2015-02-02,0.298,0.42700000000000005,-0.12900000000000006
1546,2015-03-02,0.298,0.425,-0.127
1547,2015-04-02,0.298,0.42100000000000004,-0.12300000000000005
1548,2015-05-02,0.298,0.40700000000000003,-0.10900000000000004
1549,2015-06-02,0.298,0.41,-0.11199999999999999
1550,2015-07-02,0.298,0.44299999999999995,-0.14499999999999996
1551,2015-08-02,0.596,0.506,0.08999999999999997
1552,2015-09-02,0.596,0.552,0.04399999999999993
1553,2015-10-02,0.596,0.573,0.02300000000000002
1554,2015-11-02,0.596,0.595,0.0010000000000000009
1555,2015-12-02,0.596,0.634,-0.038000000000000034
1556,2015-02-13,0.596,0.7,-0.10399999999999998
1557,2015-02-14,0.596,0.75,-0.15400000000000003
1558,2015-02-15,0.596,0.765,-0.16900000000000004
1559,2015-02-16,0.596,0.737,-0.14100000000000001
1560,2015-02-17,0.596,0.693,-0.09699999999999998
1561,2015-02-18,0.596,0.6579999999999999,-0.061999999999999944
1562,2015-02-19,0.596,0.6409999999999999,-0.04499999999999993
1563,2015-02-20,0.596,0.624,-0.028000000000000025
1564,2015-02-21,0.298,0.595,-0.297
1565,2015-02-22,0.298,0.5589999999999999,-0.26099999999999995
1566,2015-02-23,0.596,0.544,0.051999999999999935
1567,2015-02-24,0.596,0.5479999999999999,0.04800000000000004
1568,2015-02-25,0.298,0.541,-0.24300000000000005
1569,2015-02-26,0.298,0.517,-0.21900000000000003
1570,2015-02-27,0.298,0.48700000000000004,-0.18900000000000006
1571,2015-02-28,0.298,0.465,-0.16700000000000004
1572,2015-01-03,0.298,0.445,-0.14700000000000002
1573,2015-02-03,0.298,0.42100000000000004,-0.12300000000000005
1574,2015-03-03,0.298,0.414,-0.11599999999999999
1575,2015-04-03,0.298,0.452,-0.15400000000000003
1576,2015-05-03,0.298,0.5329999999999999,-0.23499999999999993
1577,2015-06-03,0.298,0.561,-0.26300000000000007
1578,2015-07-03,0.298,0.544,-0.24600000000000005
1579,2015-08-03,0.298,0.6629999999999999,-0.36499999999999994
1580,2015-09-03,0.596,0.79,-0.19400000000000006
1581,2015-10-03,0.596,0.978,-0.382
1582,2015-11-03,0.596,1.0959999999999999,-0.4999999999999999
1583,2015-12-03,0.596,1.315,-0.719
1584,2015-03-13,0.596,1.9380000000000002,-1.342
1585,2015-03-14,0.894,3.653,-2.759
1586,2015-03-15,1.788,8.234,-6.446
1587,2015-03-16,4.171,11.862,-7.691
1588,2015-03-17,11.619000000000002,13.870999999999999,-2.251999999999997
1589,2015-03-18,22.046999999999997,15.077,6.969999999999997
1590,2015-03-19,19.366,12.402000000000001,6.963999999999999
1591,2015-03-20,10.725999999999999,6.2010000000000005,4.524999999999999
1592,2015-03-21,6.257000000000001,3.9219999999999997,2.335000000000001
1593,2015-03-22,4.171,3.304,0.8670000000000004
1594,2015-03-23,2.9789999999999996,2.935,0.043999999999999595
1595,2015-03-24,2.086,2.761,-0.6750000000000003
1596,2015-03-25,1.788,2.61,-0.8219999999999998
1597,2015-03-26,1.49,2.47,-0.9800000000000002
1598,2015-03-27,1.192,2.327,-1.135
1599,2015-03-28,1.192,2.189,-0.9970000000000001
1600,2015-03-29,1.192,2.0580000000000003,-0.8660000000000003
1601,2015-03-30,0.894,1.932,-1.0379999999999998
1602,2015-03-31,0.894,1.83,-0.936
1603,2015-01-04,0.894,1.739,-0.8450000000000001
1604,2015-02-04,0.596,1.649,-1.053
1605,2015-03-04,0.596,1.561,-0.965
1606,2015-04-04,0.596,1.4669999999999999,-0.8709999999999999
1607,2015-05-04,0.596,1.379,-0.783
1608,2015-06-04,0.596,1.3359999999999999,-0.7399999999999999
1609,2015-07-04,0.894,1.361,-0.46699999999999997
1610,2015-08-04,1.49,1.475,0.014999999999999902
1611,2015-09-04,1.788,1.661,0.127
1612,2015-10-04,2.086,1.7209999999999999,0.365
1613,2015-11-04,2.086,1.6469999999999998,0.43900000000000006
1614,2015-12-04,1.788,1.581,0.20700000000000007
1615,2015-04-13,1.49,1.5930000000000002,-0.1030000000000002
1616,2015-04-14,1.788,2.33,-0.542
1617,2015-04-15,2.086,3.0989999999999998,-1.013
1618,2015-04-16,2.383,2.992,-0.609
1619,2015-04-17,2.681,2.494,0.18699999999999983
1620,2015-04-18,4.171,2.708,1.463
1621,2015-04-19,9.533999999999999,4.944,4.589999999999999
1622,2015-04-20,10.427999999999999,7.22,3.2079999999999993
1623,2015-04-21,11.321,8.777000000000001,2.5439999999999987
1624,2015-04-22,14.897,12.113,2.7840000000000007
1625,2015-04-23,10.725999999999999,13.605,-2.8790000000000013
1626,2015-04-24,6.257000000000001,8.072000000000001,-1.8150000000000004
1627,2015-04-25,4.171,4.284,-0.11299999999999955
1628,2015-04-26,2.9789999999999996,3.52,-0.5410000000000004
1629,2015-04-27,2.383,3.253,-0.8700000000000001
1630,2015-04-28,2.086,3.0589999999999997,-0.9729999999999999
1631,2015-04-29,1.788,2.891,-1.103
1632,2015-04-30,1.49,2.73,-1.24
1633,2015-01-05,1.49,2.563,-1.0730000000000002
1634,2015-02-05,1.192,2.416,-1.224
1635,2015-03-05,1.192,2.283,-1.091
1636,2015-04-05,1.192,2.1719999999999997,-0.9799999999999998
1637,2015-05-05,1.192,2.073,-0.881
1638,2015-06-05,1.788,2.406,-0.6180000000000001
1639,2015-07-05,8.937999999999999,6.555,2.382999999999999
1640,2015-08-05,14.300999999999998,13.604000000000001,0.6969999999999974
1641,2015-09-05,14.897,15.773,-0.8759999999999994
1642,2015-10-05,14.897,20.102999999999998,-5.205999999999998
1643,2015-11-05,14.003,17.785999999999998,-3.7829999999999977
1644,2015-12-05,9.533999999999999,10.562000000000001,-1.0280000000000022
1645,2015-05-13,7.15,7.457000000000001,-0.3070000000000004
1646,2015-05-14,6.553999999999999,7.225,-0.6710000000000003
1647,2015-05-15,6.257000000000001,8.538,-2.2809999999999997
1648,2015-05-16,4.468999999999999,6.124,-1.6550000000000002
1649,2015-05-17,3.2769999999999997,4.2989999999999995,-1.0219999999999998
1650,2015-05-18,2.681,3.6180000000000003,-0.9370000000000003
1651,2015-05-19,2.383,3.535,-1.1520000000000001
1652,2015-05-20,3.873,4.0,-0.12699999999999978
1653,2015-05-21,7.15,5.295,1.8550000000000004
1654,2015-05-22,8.937999999999999,7.348,1.589999999999999
1655,2015-05-23,8.044,8.266,-0.22199999999999953
1656,2015-05-24,22.345,25.014,-2.6690000000000005
1657,2015-05-25,28.303,32.326,-4.023
1658,2015-05-26,12.513,18.887999999999998,-6.374999999999998
1659,2015-05-27,7.746,7.809,-0.06299999999999972
1660,2015-05-28,7.15,5.664,1.4860000000000007
1661,2015-05-29,5.959,5.694,0.2649999999999997
1662,2015-05-30,5.065,5.436,-0.37099999999999955
1663,2015-05-31,4.7669999999999995,5.1579999999999995,-0.391
1664,2015-01-06,5.3629999999999995,4.855,0.5079999999999991
1665,2015-02-06,5.3629999999999995,5.091,0.27199999999999935
1666,2015-03-06,4.7669999999999995,5.406000000000001,-0.6390000000000011
1667,2015-04-06,4.171,5.285,-1.1139999999999999
1668,2015-05-06,4.171,5.113,-0.9420000000000002
1669,2015-06-06,4.7669999999999995,5.082,-0.3150000000000004
1670,2015-07-06,4.7669999999999995,4.971,-0.20400000000000063
1671,2015-08-06,4.171,4.398,-0.22699999999999942
1672,2015-09-06,3.873,4.074,-0.20099999999999962
1673,2015-10-06,3.873,3.917,-0.043999999999999595
1674,2015-11-06,3.575,3.745,-0.16999999999999993
1675,2015-12-06,4.7669999999999995,3.602,1.1649999999999996
1676,2015-06-13,6.553999999999999,3.483,3.0709999999999993
1677,2015-06-14,5.959,3.292,2.667
1678,2015-06-15,4.7669999999999995,3.0380000000000003,1.7289999999999992
1679,2015-06-16,4.468999999999999,2.967,1.5019999999999993
1680,2015-06-17,3.873,2.861,1.012
1681,2015-06-18,3.2769999999999997,2.635,0.6419999999999999
1682,2015-06-19,2.9789999999999996,2.524,0.4549999999999996
1683,2015-06-20,2.681,2.502,0.17900000000000027
1684,2015-06-21,2.681,2.395,0.28600000000000003
1685,2015-06-22,2.681,2.4419999999999997,0.23900000000000032
1686,2015-06-23,2.9789999999999996,2.366,0.6129999999999995
1687,2015-06-24,2.681,2.186,0.4950000000000001
1688,2015-06-25,2.383,2.006,0.3770000000000002
1689,2015-06-26,2.383,2.1590000000000003,0.22399999999999975
1690,2015-06-27,2.086,2.149,-0.06300000000000017
1691,2015-06-28,1.788,1.99,-0.20199999999999996
1692,2015-06-29,1.788,1.986,-0.19799999999999995
1693,2015-06-30,1.788,2.068,-0.28
1694,2015-01-07,1.788,2.035,-0.2470000000000001
1695,2015-02-07,1.788,1.94,-0.1519999999999999
1696,2015-03-07,1.49,1.839,-0.349
1697,2015-04-07,1.49,1.719,-0.2290000000000001
1698,2015-05-07,1.192,1.6119999999999999,-0.41999999999999993
1699,2015-06-07,1.192,1.52,-0.32800000000000007
1700,2015-07-07,1.192,1.396,-0.20399999999999996
1701,2015-08-07,1.192,1.315,-0.123
1702,2015-09-07,1.192,1.2409999999999999,-0.04899999999999993
1703,2015-10-07,0.894,1.127,-0.23299999999999998
1704,2015-11-07,0.894,1.0190000000000001,-0.1250000000000001
1705,2015-12-07,0.894,0.9179999999999999,-0.02399999999999991
1706,2015-07-13,0.894,0.825,0.06900000000000006
1707,2015-07-14,0.894,0.745,0.14900000000000002
1708,2015-07-15,0.894,0.6709999999999999,0.2230000000000001
1709,2015-07-16,0.596,0.597,-0.0010000000000000009
1710,2015-07-17,0.596,0.528,0.06799999999999995
1711,2015-07-18,0.596,0.467,0.12899999999999995
1712,2015-07-19,0.596,0.41,0.186
1713,2015-07-20,0.596,0.35700000000000004,0.23899999999999993
1714,2015-07-21,0.596,0.308,0.288
1715,2015-07-22,0.596,0.262,0.33399999999999996
1716,2015-07-23,0.596,0.221,0.375
1717,2015-07-24,0.596,0.183,0.413
1718,2015-07-25,0.596,0.149,0.44699999999999995
1719,2015-07-26,0.596,0.11699999999999999,0.479
1720,2015-07-27,0.596,0.08800000000000001,0.508
1721,2015-07-28,0.596,0.107,0.489
1722,2015-07-29,0.298,0.125,0.173
1723,2015-07-30,0.298,0.099,0.19899999999999998
1724,2015-07-31,0.298,0.07200000000000001,0.22599999999999998
1725,2015-01-08,0.298,0.049,0.249
1726,2015-02-08,0.596,0.155,0.44099999999999995
1727,2015-03-08,0.596,0.43799999999999994,0.15800000000000003
1728,2015-04-08,1.192,1.264,-0.07200000000000006
1729,2015-05-08,1.788,1.751,0.037000000000000144
1730,2015-06-08,2.086,1.2990000000000002,0.7869999999999997
1731,2015-07-08,2.086,1.091,0.9949999999999999
1732,2015-08-08,1.788,0.997,0.791
1733,2015-09-08,1.788,2.316,-0.5279999999999998
1734,2015-10-08,1.49,2.963,-1.473
1735,2015-11-08,1.49,1.9240000000000002,-0.43400000000000016
1736,2015-12-08,1.49,1.867,-0.377
1737,2015-08-13,1.49,2.438,-0.9480000000000002
1738,2015-08-14,3.2769999999999997,2.609,0.6679999999999997
1739,2015-08-15,4.171,2.258,1.9130000000000003
1740,2015-08-16,3.575,2.0709999999999997,1.5040000000000004
1741,2015-08-17,2.681,1.912,0.7690000000000001
1742,2015-08-18,2.383,1.7619999999999998,0.6210000000000002
1743,2015-08-19,2.086,1.621,0.46499999999999986
1744,2015-08-20,1.788,1.5019999999999998,0.28600000000000025
1745,2015-08-21,1.49,1.392,0.09800000000000009
1746,2015-08-22,1.49,1.285,0.20500000000000007
1747,2015-08-23,1.192,1.185,0.006999999999999895
1748,2015-08-24,1.192,1.1320000000000001,0.05999999999999983
1749,2015-08-25,1.192,1.097,0.09499999999999997
1750,2015-08-26,1.192,1.037,0.15500000000000003
1751,2015-08-27,1.192,0.966,0.22599999999999998
1752,2015-08-28,1.192,0.884,0.30799999999999994
1753,2015-08-29,0.894,0.807,0.08699999999999997
1754,2015-08-30,0.894,0.736,0.15800000000000003
1755,2015-08-31,0.894,0.67,0.22399999999999998
1756,2015-01-09,0.894,0.698,0.19600000000000006
1757,2015-02-09,0.894,0.773,0.121
1758,2015-03-09,0.894,0.775,0.119
1759,2015-04-09,0.894,0.78,0.11399999999999999
1760,2015-05-09,0.894,0.77,0.124
1761,2015-06-09,1.192,0.815,0.377
1762,2015-07-09,1.192,0.871,0.32099999999999995
1763,2015-08-09,1.49,0.867,0.623
1764,2015-09-09,2.681,0.883,1.798
1765,2015-10-09,5.065,0.981,4.0840000000000005
1766,2015-11-09,5.065,1.008,4.057
1767,2015-12-09,3.873,0.929,2.944
1768,2015-09-13,3.2769999999999997,0.8540000000000001,2.4229999999999996
1769,2015-09-14,2.681,0.785,1.896
1770,2015-09-15,2.086,0.722,1.3639999999999999
1771,2015-09-16,1.788,0.662,1.126
1772,2015-09-17,1.788,0.608,1.1800000000000002
1773,2015-09-18,1.49,0.557,0.9329999999999999
1774,2015-09-19,1.49,1.2,0.29000000000000004
1775,2015-09-20,1.49,1.5019999999999998,-0.011999999999999789
1776,2015-09-21,1.49,1.0390000000000001,0.45099999999999985
1777,2015-09-22,1.192,0.9740000000000001,0.21799999999999986
1778,2015-09-23,1.192,0.941,0.251
1779,2015-09-24,1.192,1.037,0.15500000000000003
1780,2015-09-25,1.192,1.137,0.05499999999999994
1781,2015-09-26,1.192,1.5730000000000002,-0.3810000000000002
1782,2015-09-27,1.49,1.885,-0.395
1783,2015-09-28,1.49,1.68,-0.18999999999999995
1784,2015-09-29,1.788,1.609,0.17900000000000005
1785,2015-09-30,2.9789999999999996,1.8419999999999999,1.1369999999999998
1786,2015-01-10,4.171,2.762,1.4090000000000003
1787,2015-02-10,3.873,3.06,0.8130000000000002
1788,2015-03-10,3.575,2.668,0.907
1789,2015-04-10,3.575,2.536,1.0390000000000001
1790,2015-05-10,4.171,2.739,1.4320000000000004
1791,2015-06-10,5.065,2.94,2.1250000000000004
1792,2015-07-10,4.468999999999999,2.665,1.8039999999999994
1793,2015-08-10,3.575,2.496,1.0790000000000002
1794,2015-09-10,2.383,2.325,0.05799999999999983
1795,2015-10-10,2.086,2.165,-0.07900000000000018
1796,2015-11-10,1.788,2.015,-0.2270000000000001
1797,2015-12-10,2.383,2.073,0.31000000000000005
1798,2015-10-13,4.7669999999999995,2.242,2.5249999999999995
1799,2015-10-14,18.174,2.3369999999999997,15.837
1800,2015-10-15,11.917,2.355,9.562
1801,2015-10-16,9.236,2.51,6.726000000000001
1802,2015-10-17,9.236,3.468,5.768000000000001
1803,2015-10-18,8.937999999999999,4.232,4.705999999999999
1804,2015-10-19,8.342,4.192,4.15
1805,2015-10-20,7.15,3.77,3.3800000000000003
1806,2015-10-21,5.959,3.105,2.8539999999999996
1807,2015-10-22,4.171,2.943,1.2280000000000002
1808,2015-10-23,3.2769999999999997,2.807,0.46999999999999975
1809,2015-10-24,2.9789999999999996,2.62,0.35899999999999954
1810,2015-10-25,2.383,2.489,-0.10599999999999987
1811,2015-10-26,3.575,2.633,0.9420000000000002
1812,2015-10-27,4.468999999999999,2.883,1.5859999999999994
1813,2015-10-28,4.7669999999999995,3.514,1.2529999999999997
1814,2015-10-29,4.7669999999999995,4.15,0.6169999999999991
1815,2015-10-30,3.873,3.892,-0.018999999999999684
1816,2015-10-31,2.9789999999999996,3.281,-0.3020000000000005
1817,2015-01-11,3.2769999999999997,3.033,0.24399999999999977
1818,2015-02-11,13.705,3.927,9.778
1819,2015-03-11,11.023,5.026,5.997
1820,2015-04-11,10.13,4.492,5.638000000000001
1821,2015-05-11,8.044,4.341,3.7030000000000003
1822,2015-06-11,5.6610000000000005,4.0680000000000005,1.593
1823,2015-07-11,4.171,3.445,0.7260000000000004
1824,2015-08-11,2.9789999999999996,3.281,-0.3020000000000005
1825,2015-09-11,2.681,3.339,-0.6579999999999999
1826,2015-10-11,2.681,3.2569999999999997,-0.5759999999999996
1827,2015-11-11,2.086,3.0989999999999998,-1.013
1828,2015-12-11,1.49,2.93,-1.4400000000000002
1829,2015-11-13,1.788,2.759,-0.9709999999999999
1830,2015-11-14,1.788,2.6010000000000004,-0.8130000000000004
1831,2015-11-15,1.788,2.467,-0.679
1832,2015-11-16,1.788,2.45,-0.6620000000000001
1833,2015-11-17,2.086,2.399,-0.31300000000000017
1834,2015-11-18,1.788,2.258,-0.47
1835,2015-11-19,1.788,2.12,-0.3320000000000001
1836,2015-11-20,1.49,2.064,-0.5740000000000001
1837,2015-11-21,1.192,2.0140000000000002,-0.8220000000000003
1838,2015-11-22,1.192,1.899,-0.7070000000000001
1839,2015-11-23,0.894,1.781,-0.8869999999999999
1840,2015-11-24,0.894,1.669,-0.775
1841,2015-11-25,0.894,1.565,-0.6709999999999999
1842,2015-11-26,0.894,1.4709999999999999,-0.5769999999999998
1843,2015-11-27,0.596,1.382,-0.7859999999999999
1844,2015-11-28,0.596,1.319,-0.723
1845,2015-11-29,0.894,1.263,-0.3689999999999999
1846,2015-11-30,0.596,1.188,-0.592
1847,2015-01-12,0.596,1.114,-0.5180000000000001
1848,2015-02-12,0.894,1.062,-0.16800000000000004
1849,2015-03-12,0.894,1.104,-0.21000000000000008
1850,2015-04-12,0.894,1.1340000000000001,-0.2400000000000001
1851,2015-05-12,0.894,1.246,-0.352
1852,2015-06-12,0.894,1.331,-0.43699999999999994
1853,2015-07-12,0.894,1.381,-0.487
1854,2015-08-12,0.894,2.042,-1.1479999999999997
1855,2015-09-12,0.894,2.311,-1.4169999999999998
1856,2015-10-12,1.192,1.945,-0.7530000000000001
1857,2015-11-12,1.192,1.906,-0.714
1858,2015-12-12,0.894,1.796,-0.902
1859,2015-12-13,0.894,1.729,-0.8350000000000001
1860,2015-12-14,1.192,1.7,-0.508
1861,2015-12-15,1.192,1.672,-0.48
1862,2015-12-16,0.894,1.65,-0.7559999999999999
1863,2015-12-17,0.894,1.609,-0.715
1864,2015-12-18,0.894,1.546,-0.652
1865,2015-12-19,0.894,1.486,-0.592
1866,2015-12-20,0.894,1.422,-0.5279999999999999
1867,2015-12-21,0.596,1.341,-0.745
1868,2015-12-22,0.596,1.344,-0.7480000000000001
1869,2015-12-23,0.894,1.338,-0.44400000000000006
1870,2015-12-24,0.596,1.256,-0.66
1871,2015-12-25,0.596,1.178,-0.582
1872,2015-12-26,0.894,1.4469999999999998,-0.5529999999999998
1873,2015-12-27,0.894,1.584,-0.6900000000000001
1874,2015-12-28,0.894,1.518,-0.624
1875,2015-12-29,0.894,1.454,-0.5599999999999999
1876,2015-12-30,0.596,1.3659999999999999,-0.7699999999999999
1877,2015-12-31,0.596,1.2819999999999998,-0.6859999999999998
