,DATE,OBSRUNOFF,SIMRUNOFF,RESIDUAL
0,2010-10-15,3.2760000000000002,0.035,3.241
1,2010-10-16,2.635,0.069,2.566
2,2010-10-17,2.492,0.132,2.36
3,2010-10-18,4.059,0.804,3.255
4,2010-10-19,6.29,1.7180000000000002,4.572
5,2010-10-20,4.913,1.933,2.9800000000000004
6,2010-10-21,3.822,1.6480000000000001,2.174
7,2010-10-22,3.157,1.34,1.817
8,2010-10-23,3.0860000000000003,1.215,1.8710000000000002
9,2010-10-24,2.92,1.146,1.774
10,2010-10-25,2.54,1.058,1.482
11,2010-10-26,2.113,0.9329999999999999,1.1800000000000002
12,2010-10-27,1.828,0.8079999999999999,1.02
13,2010-10-28,1.923,0.754,1.169
14,2010-10-29,2.207,1.012,1.1949999999999998
15,2010-10-30,1.851,1.14,0.7110000000000001
16,2010-10-31,1.875,1.0490000000000002,0.8259999999999998
17,2010-01-11,2.7060000000000004,1.204,1.5020000000000004
18,2010-02-11,2.5869999999999997,1.246,1.3409999999999997
19,2010-03-11,2.255,1.053,1.202
20,2010-04-11,2.041,0.893,1.148
21,2010-05-11,1.851,0.9209999999999999,0.93
22,2010-06-11,1.994,0.968,1.026
23,2010-07-11,2.231,0.9690000000000001,1.2619999999999998
24,2010-08-11,2.35,0.982,1.368
25,2010-09-11,1.899,0.8690000000000001,1.0299999999999998
26,2010-10-11,1.5430000000000001,0.747,0.7960000000000002
27,2010-11-11,1.3530000000000002,0.662,0.6910000000000002
28,2010-12-11,1.163,0.588,0.5750000000000001
29,2010-11-13,1.021,0.521,0.4999999999999999
30,2010-11-14,0.9490000000000001,0.46299999999999997,0.4860000000000001
31,2010-11-15,0.878,0.41100000000000003,0.46699999999999997
32,2010-11-16,0.807,0.365,0.44200000000000006
33,2010-11-17,0.736,0.324,0.412
34,2010-11-18,0.7120000000000001,0.28800000000000003,0.42400000000000004
35,2010-11-19,0.6409999999999999,0.256,0.3849999999999999
36,2010-11-20,0.593,0.22699999999999998,0.366
37,2010-11-21,0.57,0.20199999999999999,0.368
38,2010-11-22,0.498,0.18,0.318
39,2010-11-23,0.475,0.16899999999999998,0.306
40,2010-11-24,0.42700000000000005,0.16,0.267
41,2010-11-25,0.35600000000000004,0.142,0.21400000000000005
42,2010-11-26,0.309,0.127,0.182
43,2010-11-27,0.261,0.113,0.14800000000000002
44,2010-11-28,0.19,0.1,0.09
45,2010-11-29,0.166,0.08900000000000001,0.077
46,2010-11-30,0.142,0.079,0.06299999999999999
47,2010-01-12,0.214,0.08800000000000001,0.126
48,2010-02-12,0.42700000000000005,0.11900000000000001,0.30800000000000005
49,2010-03-12,0.42700000000000005,0.15,0.277
50,2010-04-12,0.38,0.155,0.225
51,2010-05-12,0.332,0.141,0.19100000000000003
52,2010-06-12,0.38,0.161,0.219
53,2010-07-12,0.40399999999999997,0.223,0.18099999999999997
54,2010-08-12,0.546,0.281,0.265
55,2010-09-12,0.451,0.294,0.15700000000000003
56,2010-10-12,0.40399999999999997,0.28800000000000003,0.11599999999999994
57,2010-11-12,0.35600000000000004,0.275,0.08100000000000002
58,2010-12-12,0.35600000000000004,0.257,0.09900000000000003
59,2010-12-13,0.309,0.249,0.06
60,2010-12-14,0.285,0.24100000000000002,0.043999999999999956
61,2010-12-15,0.261,0.23199999999999998,0.029000000000000026
62,2010-12-16,0.38,0.40299999999999997,-0.022999999999999965
63,2010-12-17,0.522,0.496,0.026000000000000023
64,2010-12-18,0.332,0.37,-0.03799999999999998
65,2010-12-19,0.237,0.337,-0.10000000000000003
66,2010-12-20,0.214,0.301,-0.087
67,2010-12-21,0.19,0.268,-0.07800000000000001
68,2010-12-22,0.142,0.239,-0.097
69,2010-12-23,0.11900000000000001,0.213,-0.09399999999999999
70,2010-12-24,0.11900000000000001,0.19,-0.071
71,2010-12-25,0.095,0.16899999999999998,-0.07399999999999998
72,2010-12-26,0.071,0.151,-0.08
73,2010-12-27,0.047,0.135,-0.08800000000000001
74,2010-12-28,0.047,0.12,-0.073
75,2010-12-29,0.024,0.107,-0.08299999999999999
76,2010-12-30,0.047,0.114,-0.067
77,2010-12-31,0.142,0.20600000000000002,-0.06400000000000003
78,2011-01-01,0.166,0.251,-0.08499999999999999
79,2011-02-01,0.237,0.252,-0.015000000000000013
80,2011-03-01,0.237,0.254,-0.017000000000000015
81,2011-04-01,0.19,0.24600000000000002,-0.05600000000000002
82,2011-05-01,0.142,0.222,-0.08000000000000002
83,2011-06-01,0.332,0.198,0.134
84,2011-07-01,0.40399999999999997,0.177,0.22699999999999998
85,2011-08-01,0.42700000000000005,0.198,0.22900000000000004
86,2011-09-01,0.451,0.237,0.21400000000000002
87,2011-10-01,0.475,0.25,0.22499999999999998
88,2011-11-01,0.498,0.273,0.22499999999999998
89,2011-12-01,0.261,0.366,-0.10499999999999998
90,2011-01-13,0.11900000000000001,0.382,-0.263
91,2011-01-14,0.095,0.35200000000000004,-0.257
92,2011-01-15,0.071,0.314,-0.243
93,2011-01-16,0.071,0.281,-0.21000000000000002
94,2011-01-17,0.071,0.27699999999999997,-0.20599999999999996
95,2011-01-18,0.071,0.302,-0.23099999999999998
96,2011-01-19,0.071,0.311,-0.24
97,2011-01-20,0.047,0.315,-0.268
98,2011-01-21,0.11900000000000001,0.33799999999999997,-0.21899999999999997
99,2011-01-22,0.237,0.467,-0.23000000000000004
100,2011-01-23,0.285,0.513,-0.22800000000000004
101,2011-01-24,0.76,0.754,0.006000000000000005
102,2011-01-25,0.57,0.961,-0.391
103,2011-01-26,0.42700000000000005,0.797,-0.37
104,2011-01-27,0.40399999999999997,0.6729999999999999,-0.26899999999999996
105,2011-01-28,0.665,0.6859999999999999,-0.020999999999999908
106,2011-01-29,1.044,0.821,0.2230000000000001
107,2011-01-30,0.9490000000000001,0.9079999999999999,0.04100000000000015
108,2011-01-31,0.997,1.032,-0.03500000000000003
109,2011-01-02,1.092,1.133,-0.040999999999999925
110,2011-02-02,1.021,1.136,-0.11499999999999999
111,2011-03-02,0.807,1.102,-0.29500000000000004
112,2011-04-02,0.617,0.9570000000000001,-0.3400000000000001
113,2011-05-02,0.498,0.794,-0.29600000000000004
114,2011-06-02,0.42700000000000005,0.752,-0.32499999999999996
115,2011-07-02,0.522,0.7490000000000001,-0.2270000000000001
116,2011-08-02,1.5190000000000001,0.846,0.6730000000000002
117,2011-09-02,1.258,0.877,0.381
118,2011-10-02,0.7120000000000001,0.7609999999999999,-0.04899999999999982
119,2011-11-02,0.593,0.6890000000000001,-0.09600000000000009
120,2011-12-02,0.665,0.628,0.03700000000000003
121,2011-02-13,0.665,0.584,0.08100000000000007
122,2011-02-14,0.546,0.535,0.01100000000000001
123,2011-02-15,0.38,0.48100000000000004,-0.10100000000000003
124,2011-02-16,0.309,0.43200000000000005,-0.12300000000000005
125,2011-02-17,0.237,0.389,-0.15200000000000002
126,2011-02-18,0.214,0.349,-0.13499999999999998
127,2011-02-19,0.166,0.36,-0.19399999999999998
128,2011-02-20,0.142,0.415,-0.273
129,2011-02-21,0.11900000000000001,0.41700000000000004,-0.29800000000000004
130,2011-02-22,0.095,0.375,-0.28
131,2011-02-23,0.071,0.337,-0.266
132,2011-02-24,0.047,0.303,-0.256
133,2011-02-25,0.071,0.309,-0.238
134,2011-02-26,0.095,0.445,-0.35
135,2011-02-27,0.142,0.58,-0.43799999999999994
136,2011-02-28,0.19,0.611,-0.421
137,2011-01-03,0.237,0.555,-0.31800000000000006
138,2011-02-03,0.546,0.57,-0.02399999999999991
139,2011-03-03,5.672999999999999,0.8170000000000001,4.855999999999999
140,2011-04-03,8.355,1.042,7.313000000000001
141,2011-05-03,8.498,1.013,7.484999999999999
142,2011-06-03,7.643,0.909,6.734
143,2011-07-03,7.263,0.865,6.398
144,2011-08-03,8.189,1.048,7.141
145,2011-09-03,9.232999999999999,1.168,8.065
146,2011-10-03,8.023,1.045,6.978
147,2011-11-03,7.097,0.9490000000000001,6.148000000000001
148,2011-12-03,6.337999999999999,0.8340000000000001,5.504
149,2011-03-13,5.815,0.754,5.061
150,2011-03-14,5.625,0.721,4.904
151,2011-03-15,5.317,0.687,4.63
152,2011-03-16,5.127000000000001,0.619,4.508000000000001
153,2011-03-17,4.937,0.5579999999999999,4.3790000000000004
154,2011-03-18,4.8180000000000005,0.504,4.314
155,2011-03-19,5.032,0.47,4.562
156,2011-03-20,5.815,0.466,5.349
157,2011-03-21,7.335,0.6509999999999999,6.684
158,2011-03-22,8.118,1.006,7.112
159,2011-03-23,8.45,1.117,7.332999999999999
160,2011-03-24,9.067,1.037,8.030000000000001
161,2011-03-25,8.616,1.008,7.608
162,2011-03-26,8.07,0.945,7.125
163,2011-03-27,7.05,0.852,6.1979999999999995
164,2011-03-28,6.29,0.753,5.537
165,2011-03-29,5.459,0.715,4.744
166,2011-03-30,4.937,0.6859999999999999,4.251
167,2011-03-31,4.5569999999999995,0.6920000000000001,3.8649999999999993
168,2011-01-04,4.178,0.674,3.504
169,2011-02-04,4.273,0.636,3.6369999999999996
170,2011-03-04,4.913,0.873,4.04
171,2011-04-04,5.056,1.09,3.966
172,2011-05-04,4.961,1.062,3.899
173,2011-06-04,4.534,0.9670000000000001,3.5669999999999997
174,2011-07-04,4.367,0.902,3.465
175,2011-08-04,4.106,0.828,3.278
176,2011-09-04,4.249,0.76,3.489
177,2011-10-04,4.011,0.706,3.305
178,2011-11-04,3.489,0.696,2.793
179,2011-12-04,3.228,0.7120000000000001,2.516
180,2011-04-13,3.0380000000000003,0.755,2.2830000000000004
181,2011-04-14,3.133,0.8240000000000001,2.309
182,2011-04-15,3.228,0.978,2.25
183,2011-04-16,4.083,1.193,2.89
184,2011-04-17,4.652,1.5119999999999998,3.1400000000000006
185,2011-04-18,4.13,1.67,2.46
186,2011-04-19,3.015,1.476,1.5390000000000001
187,2011-04-20,2.492,1.274,1.218
188,2011-04-21,1.97,1.205,0.7649999999999999
189,2011-04-22,1.733,1.189,0.544
190,2011-04-23,1.567,1.105,0.46199999999999997
191,2011-04-24,1.495,1.01,0.4850000000000001
192,2011-04-25,1.5190000000000001,1.011,0.5080000000000002
193,2011-04-26,1.709,1.308,0.401
194,2011-04-27,1.804,1.47,0.3340000000000001
195,2011-04-28,1.567,1.3730000000000002,0.19399999999999973
196,2011-04-29,1.305,1.4409999999999998,-0.1359999999999999
197,2011-04-30,1.139,1.595,-0.45599999999999996
198,2011-01-05,1.021,1.636,-0.615
199,2011-02-05,0.973,1.46,-0.487
200,2011-03-05,0.973,1.208,-0.235
201,2011-04-05,0.9490000000000001,1.001,-0.051999999999999824
202,2011-05-05,0.9490000000000001,0.934,0.015000000000000013
203,2011-06-05,0.9490000000000001,0.976,-0.026999999999999913
204,2011-07-05,0.9490000000000001,1.026,-0.07699999999999996
205,2011-08-05,0.997,0.927,0.06999999999999995
206,2011-09-05,1.139,1.176,-0.03699999999999992
207,2011-10-05,1.5190000000000001,1.484,0.03500000000000014
208,2011-11-05,1.994,2.073,-0.07899999999999996
209,2011-12-05,2.753,3.03,-0.2769999999999997
210,2011-05-13,3.3710000000000004,4.059,-0.6879999999999997
211,2011-05-14,3.8930000000000002,5.136,-1.2429999999999999
212,2011-05-15,5.103,5.987,-0.8840000000000003
213,2011-05-16,6.266,6.5089999999999995,-0.24299999999999944
214,2011-05-17,7.7379999999999995,6.678,1.0599999999999996
215,2011-05-18,8.26,7.045,1.2149999999999999
216,2011-05-19,8.331,7.519,0.8119999999999994
217,2011-05-20,9.874,8.564,1.3100000000000005
218,2011-05-21,10.444,8.238,2.2060000000000013
219,2011-05-22,10.562999999999999,7.452999999999999,3.1099999999999994
220,2011-05-23,11.892000000000001,8.511000000000001,3.3810000000000002
221,2011-05-24,14.93,10.071,4.859
222,2011-05-25,16.473,11.219000000000001,5.253999999999998
223,2011-05-26,14.788,11.493,3.295
224,2011-05-27,11.773,10.136000000000001,1.6369999999999987
225,2011-05-28,9.495,7.697,1.7979999999999992
226,2011-05-29,8.616,7.568,1.048
227,2011-05-30,10.088,10.834000000000001,-0.7460000000000022
228,2011-05-31,11.892000000000001,13.279000000000002,-1.3870000000000005
229,2011-01-06,12.105,14.285,-2.1799999999999997
230,2011-02-06,14.027999999999999,15.294,-1.2660000000000018
231,2011-03-06,17.47,16.391,1.0790000000000006
232,2011-04-06,23.926,20.998,2.9279999999999973
233,2011-05-06,23.95,24.160999999999998,-0.21099999999999852
234,2011-06-06,18.111,22.57,-4.459
235,2011-07-06,26.324,29.701,-3.376999999999999
236,2011-08-06,37.076,33.061,4.015000000000001
237,2011-09-06,48.28,27.316999999999997,20.963000000000005
238,2011-10-06,57.608000000000004,38.766,18.842000000000006
239,2011-11-06,58.13,48.026,10.104
240,2011-12-06,56.777,44.708,12.069000000000003
241,2011-06-13,52.125,39.734,12.390999999999998
242,2011-06-14,39.972,33.045,6.927
243,2011-06-15,32.898,29.078000000000003,3.8200000000000003
244,2011-06-16,27.463,27.009,0.4540000000000006
245,2011-06-17,24.733,27.961,-3.227999999999998
246,2011-06-18,24.258000000000003,30.293000000000003,-6.035
247,2011-06-19,24.186999999999998,29.809,-5.622000000000003
248,2011-06-20,23.214000000000002,26.113000000000003,-2.899000000000001
249,2011-06-21,28.721,26.875999999999998,1.8450000000000024
250,2011-06-22,41.181999999999995,33.696999999999996,7.484999999999999
251,2011-06-23,33.943000000000005,26.065,7.878000000000004
252,2011-06-24,25.136999999999997,20.798000000000002,4.338999999999995
253,2011-06-25,20.437,18.500999999999998,1.9360000000000035
254,2011-06-26,18.87,17.95,0.9200000000000017
255,2011-06-27,18.016,17.904,0.11199999999999832
256,2011-06-28,20.461,20.285999999999998,0.1750000000000007
257,2011-06-29,32.97,24.15,8.82
258,2011-06-30,40.328,26.819000000000003,13.509
259,2011-01-07,34.085,26.38,7.705000000000002
260,2011-02-07,27.083000000000002,24.884,2.1990000000000016
261,2011-03-07,23.19,22.118000000000002,1.0719999999999992
262,2011-04-07,21.458000000000002,20.923000000000002,0.5350000000000001
263,2011-05-07,20.935,22.685,-1.75
264,2011-06-07,22.834,24.878,-2.0440000000000005
265,2011-07-07,25.801,25.533,0.26799999999999713
266,2011-08-07,30.454,28.863000000000003,1.5909999999999975
267,2011-09-07,42.79600000000001,34.433,8.363000000000007
268,2011-10-07,43.722,33.992,9.730000000000004
269,2011-11-07,38.049,32.506,5.542999999999999
270,2011-12-07,27.415,26.151999999999997,1.2630000000000017
271,2011-07-13,22.905,23.1,-0.19500000000000028
272,2011-07-14,18.396,21.233,-2.8369999999999997
273,2011-07-15,17.185,19.274,-2.089000000000002
274,2011-07-16,15.927,18.238,-2.311
275,2011-07-17,16.354,17.625,-1.2710000000000008
276,2011-07-18,17.256,18.392,-1.1359999999999992
277,2011-07-19,33.611,22.369,11.241999999999997
278,2011-07-20,35.201,24.505,10.696000000000002
279,2011-07-21,28.863000000000003,23.052,5.8110000000000035
280,2011-07-22,21.814,20.144000000000002,1.6699999999999982
281,2011-07-23,19.416,18.502,0.9140000000000015
282,2011-07-24,22.573,19.766,2.807000000000002
283,2011-07-25,31.095,22.250999999999998,8.844000000000001
284,2011-07-26,29.314,24.053,5.260999999999999
285,2011-07-27,23.143,24.197,-1.0539999999999985
286,2011-07-28,19.82,21.927,-2.1069999999999993
287,2011-07-29,18.277,20.262,-1.9849999999999994
288,2011-07-30,17.066,18.820999999999998,-1.754999999999999
289,2011-07-31,15.642000000000001,17.835,-2.1929999999999996
290,2011-01-08,16.283,18.430999999999997,-2.147999999999996
291,2011-02-08,16.473,20.465,-3.992000000000001
292,2011-03-08,15.998,19.825,-3.827
293,2011-04-08,14.265,17.122,-2.8569999999999993
294,2011-05-08,12.936,17.226,-4.289999999999999
295,2011-06-08,13.055,17.205,-4.149999999999999
296,2011-07-08,12.177,16.26,-4.083000000000002
297,2011-08-08,11.773,15.77,-3.997
298,2011-09-08,11.155999999999999,14.808,-3.652000000000001
299,2011-10-08,10.207,13.074000000000002,-2.867000000000001
300,2011-11-08,8.83,10.702,-1.8719999999999999
301,2011-12-08,7.452999999999999,8.593,-1.1400000000000006
302,2011-08-13,6.7170000000000005,6.921,-0.20399999999999974
303,2011-08-14,7.121,7.662000000000001,-0.5410000000000004
304,2011-08-15,11.773,9.918,1.8550000000000004
305,2011-08-16,20.603,11.847999999999999,8.755000000000003
306,2011-08-17,27.154,14.25,12.904
307,2011-08-18,22.122,15.324000000000002,6.797999999999998
308,2011-08-19,15.975,15.564,0.4109999999999996
309,2011-08-20,12.295,15.565999999999999,-3.270999999999999
310,2011-08-21,10.942,15.94,-4.997999999999999
311,2011-08-22,12.556,16.305,-3.7490000000000006
312,2011-08-23,13.625,16.51,-2.8850000000000016
313,2011-08-24,11.417,15.283,-3.8659999999999997
314,2011-08-25,10.562999999999999,13.616,-3.053000000000001
315,2011-08-26,13.102,13.772,-0.6699999999999999
316,2011-08-27,14.978,15.081,-0.10299999999999976
317,2011-08-28,16.544,17.079,-0.5350000000000001
318,2011-08-29,17.043,18.882,-1.8390000000000022
319,2011-08-30,12.984000000000002,18.274,-5.289999999999999
320,2011-08-31,10.183,15.360999999999999,-5.177999999999999
321,2011-01-09,8.593,12.187999999999999,-3.594999999999999
322,2011-02-09,7.501,9.857000000000001,-2.3560000000000008
323,2011-03-09,7.477,9.706,-2.228999999999999
324,2011-04-09,10.847000000000001,10.975,-0.12799999999999834
325,2011-05-09,13.625,11.794,1.8309999999999995
326,2011-06-09,17.684,12.665,5.019000000000002
327,2011-07-09,24.377,15.530999999999999,8.846
328,2011-08-09,28.935,18.250999999999998,10.684000000000001
329,2011-09-09,18.538,16.508,2.030000000000001
330,2011-10-09,18.918,15.439,3.478999999999999
331,2011-11-09,15.334000000000001,14.31,1.024000000000001
332,2011-12-09,17.327,14.103,3.224000000000002
333,2011-09-13,16.141,15.749,0.3919999999999977
334,2011-09-14,14.811,15.922,-1.1110000000000007
335,2011-09-15,12.556,14.744000000000002,-2.1880000000000024
336,2011-09-16,15.856,14.308,1.548
337,2011-09-17,12.77,13.37,-0.5999999999999996
338,2011-09-18,9.281,10.507,-1.225999999999999
339,2011-09-19,7.097,8.37,-1.2729999999999988
340,2011-09-20,7.428999999999999,8.707,-1.2780000000000014
341,2011-09-21,7.524,10.515999999999998,-2.991999999999998
342,2011-09-22,7.452999999999999,11.399000000000001,-3.9460000000000015
343,2011-09-23,7.287000000000001,11.638,-4.350999999999999
344,2011-09-24,7.121,11.095,-3.974
345,2011-09-25,6.433,9.658999999999999,-3.225999999999999
346,2011-09-26,6.409,9.475,-3.066
347,2011-09-27,9.613,11.657,-2.0440000000000005
348,2011-09-28,12.818,15.222000000000001,-2.4040000000000017
349,2011-09-29,19.345,20.073,-0.7280000000000015
350,2011-09-30,16.687,22.263,-5.5760000000000005
351,2011-01-10,11.797,19.088,-7.291
352,2011-02-10,14.194,19.078,-4.883999999999999
353,2011-03-10,12.77,21.761,-8.991
354,2011-04-10,14.954,21.434,-6.48
355,2011-05-10,19.44,19.642,-0.20199999999999818
356,2011-06-10,16.544,17.997,-1.4529999999999994
357,2011-07-10,16.473,18.064,-1.591000000000001
358,2011-08-10,13.838,16.997,-3.1590000000000007
359,2011-09-10,8.877,12.966,-4.088999999999999
360,2011-10-10,6.7410000000000005,9.511000000000001,-2.7700000000000005
361,2011-11-10,5.483,7.105,-1.6220000000000008
362,2011-12-10,4.652,4.926,-0.274
363,2011-10-13,3.822,4.061,-0.23899999999999988
364,2011-10-14,3.0380000000000003,4.113,-1.0750000000000002
365,2011-10-15,3.7030000000000003,3.969,-0.26599999999999957
366,2011-10-16,6.124,6.8,-0.6760000000000002
367,2011-10-17,9.115,11.658,-2.5429999999999993
368,2011-10-18,9.02,13.944,-4.924000000000001
369,2011-10-19,8.142000000000001,13.335,-5.193
370,2011-10-20,7.572,14.550999999999998,-6.978999999999998
371,2011-10-21,6.527,15.835999999999999,-9.308999999999997
372,2011-10-22,5.032,13.202,-8.17
373,2011-10-23,4.154,9.859,-5.705
374,2011-10-24,3.6319999999999997,9.212,-5.58
375,2011-10-25,3.2760000000000002,8.689,-5.413
376,2011-10-26,2.8960000000000004,6.56,-3.6639999999999993
377,2011-10-27,2.611,5.728,-3.1169999999999995
378,2011-10-28,2.682,5.287000000000001,-2.605000000000001
379,2011-10-29,5.175,10.202,-5.027
380,2011-10-30,8.118,16.975,-8.857000000000001
381,2011-10-31,8.521,17.7,-9.178999999999998
382,2011-01-11,12.082,17.545,-5.463000000000001
383,2011-02-11,25.208000000000002,22.505,2.703000000000003
384,2011-03-11,20.271,25.519000000000002,-5.248000000000001
385,2011-04-11,12.082,20.721999999999998,-8.639999999999997
386,2011-05-11,8.806000000000001,14.935,-6.129
387,2011-06-11,10.207,11.999,-1.7919999999999998
388,2011-07-11,13.933,10.312999999999999,3.620000000000001
389,2011-08-11,14.74,14.474,0.266
390,2011-09-11,12.319,16.832,-4.513
391,2011-10-11,8.402999999999999,12.699000000000002,-4.296000000000003
392,2011-11-11,6.029,8.827,-2.798
393,2011-12-11,4.51,6.069,-1.5590000000000002
394,2011-11-13,4.035,4.199,-0.1639999999999997
395,2011-11-14,6.527,7.216,-0.6890000000000001
396,2011-11-15,5.103,9.017000000000001,-3.9140000000000015
397,2011-11-16,5.032,8.196,-3.1639999999999997
398,2011-11-17,8.308,9.921,-1.6129999999999995
399,2011-11-18,7.24,10.298,-3.058
400,2011-11-19,5.577999999999999,9.221,-3.6430000000000007
401,2011-11-20,4.035,7.361000000000001,-3.3260000000000005
402,2011-11-21,3.2760000000000002,5.135,-1.8589999999999995
403,2011-11-22,3.015,3.832,-0.8169999999999997
404,2011-11-23,3.3939999999999997,5.022,-1.6280000000000006
405,2011-11-24,3.75,6.39,-2.6399999999999997
406,2011-11-25,3.489,5.644,-2.1550000000000002
407,2011-11-26,5.008,4.812,0.19599999999999973
408,2011-11-27,5.483,5.934,-0.4510000000000005
409,2011-11-28,4.534,6.329,-1.795
410,2011-11-29,3.655,4.671,-1.0160000000000005
411,2011-11-30,3.3710000000000004,3.7680000000000002,-0.3969999999999998
412,2011-01-12,3.347,3.574,-0.22699999999999987
413,2011-02-12,3.347,3.9610000000000003,-0.6140000000000003
414,2011-03-12,2.7769999999999997,4.044,-1.267
415,2011-04-12,2.279,3.395,-1.116
416,2011-05-12,1.875,2.827,-0.952
417,2011-06-12,1.614,2.355,-0.7409999999999999
418,2011-07-12,1.5190000000000001,2.008,-0.4889999999999999
419,2011-08-12,1.3769999999999998,1.716,-0.3390000000000002
420,2011-09-12,1.3769999999999998,1.429,-0.05200000000000027
421,2011-10-12,1.092,1.189,-0.09699999999999998
422,2011-11-12,0.9490000000000001,1.024,-0.07499999999999996
423,2011-12-12,0.855,0.9390000000000001,-0.08400000000000007
424,2011-12-13,0.736,0.8590000000000001,-0.12300000000000011
425,2011-12-14,0.855,0.7809999999999999,0.07400000000000007
426,2011-12-15,0.7829999999999999,0.7120000000000001,0.07099999999999984
427,2011-12-16,0.736,0.701,0.03500000000000003
428,2011-12-17,0.665,0.6809999999999999,-0.015999999999999903
429,2011-12-18,0.593,0.62,-0.027000000000000024
430,2011-12-19,0.57,0.563,0.007000000000000006
431,2011-12-20,0.522,0.511,0.01100000000000001
432,2011-12-21,0.522,0.465,0.056999999999999995
433,2011-12-22,0.498,0.42700000000000005,0.07099999999999995
434,2011-12-23,0.76,0.424,0.336
435,2011-12-24,1.234,1.033,0.20100000000000007
436,2011-12-25,1.828,1.629,0.19900000000000007
437,2011-12-26,2.8960000000000004,1.751,1.1450000000000005
438,2011-12-27,3.181,1.795,1.3860000000000001
439,2011-12-28,2.8960000000000004,1.705,1.1910000000000003
440,2011-12-29,2.374,1.5430000000000001,0.831
441,2011-12-30,1.875,1.31,0.565
442,2011-12-31,1.5430000000000001,1.095,0.4480000000000002
443,2012-01-01,1.3530000000000002,0.905,0.4480000000000002
444,2012-02-01,1.3530000000000002,0.7859999999999999,0.5670000000000003
445,2012-03-01,1.1159999999999999,0.73,0.3859999999999999
446,2012-04-01,0.997,0.669,0.32799999999999996
447,2012-05-01,0.7829999999999999,0.614,0.16899999999999993
448,2012-06-01,0.76,0.563,0.19700000000000006
449,2012-07-01,0.688,0.517,0.17099999999999993
450,2012-08-01,0.617,0.47,0.14700000000000002
451,2012-09-01,0.546,0.42700000000000005,0.119
452,2012-10-01,0.522,0.391,0.131
453,2012-11-01,0.831,0.49,0.34099999999999997
454,2012-12-01,0.9259999999999999,0.677,0.2489999999999999
455,2012-01-13,0.9259999999999999,0.682,0.24399999999999988
456,2012-01-14,0.7829999999999999,0.5539999999999999,0.22899999999999998
457,2012-01-15,0.76,0.532,0.22799999999999998
458,2012-01-16,0.902,0.637,0.265
459,2012-01-17,0.7829999999999999,0.672,0.11099999999999988
460,2012-01-18,0.7829999999999999,0.591,0.19199999999999995
461,2012-01-19,0.665,0.5379999999999999,0.1270000000000001
462,2012-01-20,0.617,0.489,0.128
463,2012-01-21,0.522,0.445,0.07700000000000001
464,2012-01-22,0.498,0.40399999999999997,0.09400000000000003
465,2012-01-23,0.42700000000000005,0.368,0.05900000000000005
466,2012-01-24,0.38,0.33399999999999996,0.04600000000000004
467,2012-01-25,0.38,0.308,0.07200000000000001
468,2012-01-26,0.451,0.285,0.16600000000000004
469,2012-01-27,0.40399999999999997,0.259,0.14499999999999996
470,2012-01-28,0.332,0.235,0.09700000000000003
471,2012-01-29,0.285,0.214,0.07099999999999998
472,2012-01-30,0.285,0.19399999999999998,0.091
473,2012-01-31,0.285,0.177,0.10799999999999998
474,2012-01-02,0.261,0.16,0.101
475,2012-02-02,0.261,0.146,0.11500000000000002
476,2012-03-02,0.237,0.132,0.10499999999999998
477,2012-04-02,0.237,0.121,0.11599999999999999
478,2012-05-02,0.19,0.111,0.079
479,2012-06-02,0.261,0.15,0.11100000000000002
480,2012-07-02,0.285,0.204,0.08099999999999999
481,2012-08-02,0.285,0.204,0.08099999999999999
482,2012-09-02,0.261,0.18600000000000003,0.07499999999999998
483,2012-10-02,0.285,0.2,0.08499999999999996
484,2012-11-02,0.40399999999999997,0.376,0.02799999999999997
485,2012-12-02,0.57,0.611,-0.041000000000000036
486,2012-02-13,0.522,0.624,-0.10199999999999998
487,2012-02-14,0.617,0.529,0.08799999999999997
488,2012-02-15,0.498,0.494,0.0040000000000000036
489,2012-02-16,0.475,0.47100000000000003,0.003999999999999948
490,2012-02-17,0.546,0.475,0.07100000000000006
491,2012-02-18,0.617,0.511,0.10599999999999998
492,2012-02-19,0.665,0.527,0.138
493,2012-02-20,0.6409999999999999,0.539,0.10199999999999987
494,2012-02-21,1.1159999999999999,0.648,0.46799999999999986
495,2012-02-22,1.78,0.733,1.0470000000000002
496,2012-02-23,1.685,0.687,0.998
497,2012-02-24,1.305,0.6459999999999999,0.659
498,2012-02-25,0.973,0.609,0.364
499,2012-02-26,0.902,0.568,0.3340000000000001
500,2012-02-27,0.831,0.525,0.30599999999999994
501,2012-02-28,1.187,0.591,0.5960000000000001
502,2012-02-29,1.59,0.665,0.925
503,2012-01-03,1.875,1.115,0.76
504,2012-02-03,1.662,2.016,-0.3540000000000001
505,2012-03-03,1.3530000000000002,2.25,-0.8969999999999998
506,2012-04-03,1.163,1.86,-0.6970000000000001
507,2012-05-03,0.973,1.525,-0.5519999999999999
508,2012-06-03,0.9259999999999999,1.247,-0.3210000000000002
509,2012-07-03,0.9259999999999999,1.018,-0.09200000000000008
510,2012-08-03,0.736,0.8440000000000001,-0.1080000000000001
511,2012-09-03,0.855,0.8170000000000001,0.03799999999999992
512,2012-10-03,1.258,0.993,0.265
513,2012-11-03,2.279,1.139,1.14
514,2012-12-03,3.157,1.121,2.036
515,2012-03-13,2.753,1.115,1.6380000000000001
516,2012-03-14,2.5869999999999997,1.041,1.5459999999999998
517,2012-03-15,2.492,1.021,1.471
518,2012-03-16,3.323,1.244,2.0789999999999997
519,2012-03-17,3.8930000000000002,1.504,2.3890000000000002
520,2012-03-18,3.5839999999999996,1.495,2.0889999999999995
521,2012-03-19,3.3710000000000004,1.3230000000000002,2.048
522,2012-03-20,3.0860000000000003,1.1520000000000001,1.9340000000000002
523,2012-03-21,2.73,1.087,1.643
524,2012-03-22,2.753,1.931,0.8220000000000001
525,2012-03-23,2.469,2.539,-0.07000000000000028
526,2012-03-24,2.5639999999999996,2.301,0.26299999999999946
527,2012-03-25,2.279,2.187,0.09200000000000008
528,2012-03-26,2.113,1.9880000000000002,0.12499999999999978
529,2012-03-27,2.136,2.222,-0.08599999999999985
530,2012-03-28,2.065,2.5980000000000003,-0.5330000000000004
531,2012-03-29,2.136,2.543,-0.40700000000000003
532,2012-03-30,1.804,2.295,-0.4909999999999999
533,2012-03-31,1.4480000000000002,1.936,-0.48799999999999977
534,2012-01-04,1.4,1.719,-0.3190000000000002
535,2012-02-04,1.163,1.5519999999999998,-0.3889999999999998
536,2012-03-04,0.9259999999999999,1.327,-0.401
537,2012-04-04,0.902,1.183,-0.281
538,2012-05-04,1.1159999999999999,1.091,0.02499999999999991
539,2012-06-04,1.2109999999999999,1.042,0.16899999999999982
540,2012-07-04,1.092,1.004,0.08800000000000008
541,2012-08-04,0.997,0.9640000000000001,0.03299999999999992
542,2012-09-04,0.902,0.91,-0.008000000000000007
543,2012-10-04,0.76,0.835,-0.07499999999999996
544,2012-11-04,0.7829999999999999,0.769,0.013999999999999901
545,2012-12-04,0.855,0.746,0.10899999999999999
546,2012-04-13,0.76,0.728,0.03200000000000003
547,2012-04-14,0.688,0.679,0.008999999999999897
548,2012-04-15,0.617,0.618,-0.0010000000000000009
549,2012-04-16,0.593,0.561,0.03199999999999992
550,2012-04-17,0.498,0.51,-0.01200000000000001
551,2012-04-18,0.475,0.46399999999999997,0.01100000000000001
552,2012-04-19,0.475,0.42200000000000004,0.052999999999999936
553,2012-04-20,0.475,0.387,0.08799999999999997
554,2012-04-21,0.451,0.358,0.09300000000000003
555,2012-04-22,0.38,0.331,0.04899999999999999
556,2012-04-23,0.38,0.303,0.07700000000000001
557,2012-04-24,0.38,0.299,0.08100000000000002
558,2012-04-25,0.38,0.37799999999999995,0.0020000000000000573
559,2012-04-26,0.40399999999999997,0.46799999999999997,-0.064
560,2012-04-27,0.38,0.922,-0.542
561,2012-04-28,0.38,1.609,-1.229
562,2012-04-29,0.38,1.7169999999999999,-1.3369999999999997
563,2012-04-30,0.42700000000000005,1.617,-1.19
564,2012-01-05,0.593,1.587,-0.994
565,2012-02-05,1.1159999999999999,1.516,-0.40000000000000013
566,2012-03-05,2.089,1.5290000000000001,0.5599999999999998
567,2012-04-05,2.207,1.4280000000000002,0.7789999999999997
568,2012-05-05,2.089,1.193,0.8959999999999999
569,2012-06-05,1.733,0.9790000000000001,0.754
570,2012-07-05,1.875,0.8959999999999999,0.9790000000000001
571,2012-08-05,2.041,0.9109999999999999,1.13
572,2012-09-05,2.089,0.873,1.216
573,2012-10-05,1.994,1.09,0.9039999999999999
574,2012-11-05,1.828,1.7730000000000001,0.05499999999999994
575,2012-12-05,1.733,2.217,-0.484
576,2012-05-13,1.733,2.0469999999999997,-0.3139999999999996
577,2012-05-14,1.875,2.048,-0.17300000000000004
578,2012-05-15,2.0180000000000002,3.3480000000000003,-1.33
579,2012-05-16,1.851,7.196000000000001,-5.345000000000001
580,2012-05-17,1.5430000000000001,9.21,-7.667000000000001
581,2012-05-18,1.187,9.445,-8.258000000000001
582,2012-05-19,1.234,9.244,-8.01
583,2012-05-20,1.187,7.462000000000001,-6.275
584,2012-05-21,1.044,5.357,-4.313000000000001
585,2012-05-22,0.9259999999999999,4.158,-3.232
586,2012-05-23,0.9259999999999999,5.47,-4.544
587,2012-05-24,1.044,7.766,-6.7219999999999995
588,2012-05-25,1.305,10.5,-9.195
589,2012-05-26,2.0180000000000002,11.600999999999999,-9.582999999999998
590,2012-05-27,2.991,9.306000000000001,-6.315000000000001
591,2012-05-28,5.815,10.093,-4.278
592,2012-05-29,7.857,10.137,-2.2800000000000002
593,2012-05-30,8.047,7.372000000000001,0.6749999999999998
594,2012-05-31,6.907,5.405,1.5019999999999998
595,2012-01-06,5.792000000000001,3.891,1.9010000000000007
596,2012-02-06,4.8660000000000005,3.2680000000000002,1.5980000000000003
597,2012-03-06,4.249,3.576,0.6729999999999996
598,2012-04-06,3.94,6.535,-2.595
599,2012-05-06,4.486000000000001,11.533,-7.046999999999999
600,2012-06-06,5.459,15.943,-10.484
601,2012-07-06,6.7410000000000005,15.299000000000001,-8.558
602,2012-08-06,8.142000000000001,11.304,-3.161999999999999
603,2012-09-06,8.593,10.221,-1.6280000000000001
604,2012-10-06,8.355,12.456,-4.100999999999999
605,2012-11-06,8.664,16.211,-7.546999999999999
606,2012-12-06,9.21,18.668,-9.457999999999998
607,2012-06-13,10.373,16.558,-6.1850000000000005
608,2012-06-14,10.776,13.556,-2.7799999999999994
609,2012-06-15,10.088,10.765,-0.6770000000000014
610,2012-06-16,9.827,9.412,0.41499999999999915
611,2012-06-17,11.085,13.582,-2.497
612,2012-06-18,13.458,18.783,-5.325000000000001
613,2012-06-19,16.046,21.982,-5.936
614,2012-06-20,18.206,20.605999999999998,-2.3999999999999986
615,2012-06-21,21.98,18.597,3.382999999999999
616,2012-06-22,20.698,19.092,1.6060000000000016
617,2012-06-23,17.826,17.680999999999997,0.14500000000000313
618,2012-06-24,18.277,17.959,0.3180000000000014
619,2012-06-25,20.888,20.572,0.3160000000000025
620,2012-06-26,22.668000000000003,21.136,1.5320000000000036
621,2012-06-27,22.739,18.094,4.645
622,2012-06-28,18.823,14.056,4.767000000000001
623,2012-06-29,14.55,10.738,3.812000000000001
624,2012-06-30,16.473,11.647,4.825999999999999
625,2012-01-07,27.344,16.924,10.420000000000002
626,2012-02-07,41.586000000000006,23.493000000000002,18.093000000000004
627,2012-03-07,43.034,32.527,10.506999999999998
628,2012-04-07,30.215999999999998,24.426,5.789999999999999
629,2012-05-07,26.49,20.741,5.748999999999999
630,2012-06-07,35.343,23.104,12.239000000000004
631,2012-07-07,37.029,24.299,12.730000000000004
632,2012-08-07,29.789,22.281999999999996,7.507000000000005
633,2012-09-07,24.662,20.121,4.541
634,2012-10-07,22.526,19.147000000000002,3.378999999999998
635,2012-11-07,22.193,20.086,2.107000000000003
636,2012-12-07,22.430999999999997,21.354,1.0769999999999982
637,2012-07-13,27.581999999999997,22.875,4.706999999999997
638,2012-07-14,33.135999999999996,25.002,8.133999999999997
639,2012-07-15,29.599,23.918000000000003,5.680999999999997
640,2012-07-16,25.516,19.72,5.795999999999999
641,2012-07-17,22.122,16.363,5.759
642,2012-07-18,19.605999999999998,13.972999999999999,5.632999999999999
643,2012-07-19,16.924,12.67,4.254
644,2012-07-20,14.788,12.123,2.665000000000001
645,2012-07-21,13.505999999999998,10.795,2.7109999999999985
646,2012-07-22,11.868,10.039,1.8290000000000006
647,2012-07-23,14.479000000000001,10.191,4.288
648,2012-07-24,31.735,13.427,18.308
649,2012-07-25,40.28,16.839000000000002,23.441
650,2012-07-26,31.451,18.285999999999998,13.165000000000003
651,2012-07-27,22.217,17.768,4.448999999999998
652,2012-07-28,21.054000000000002,17.897000000000002,3.157
653,2012-07-29,26.964000000000002,20.660999999999998,6.303000000000004
654,2012-07-30,24.851999999999997,20.543000000000003,4.308999999999994
655,2012-07-31,30.215999999999998,21.575,8.640999999999998
656,2012-01-08,32.305,24.041,8.264
657,2012-02-08,32.068000000000005,23.315,8.753000000000004
658,2012-03-08,24.923000000000002,21.0,3.923000000000002
659,2012-04-08,17.730999999999998,17.272000000000002,0.4589999999999961
660,2012-05-08,13.505999999999998,14.174000000000001,-0.6680000000000028
661,2012-06-08,11.132,12.149000000000001,-1.0170000000000012
662,2012-07-08,9.969,9.945,0.023999999999999133
663,2012-08-08,9.851,8.947000000000001,0.9039999999999999
664,2012-09-08,9.257,7.978,1.279
665,2012-10-08,9.281,7.029,2.2520000000000007
666,2012-11-08,12.699000000000002,8.103,4.596000000000002
667,2012-12-08,13.552999999999999,8.917,4.635999999999999
668,2012-08-13,12.889000000000001,8.376,4.513000000000002
669,2012-08-14,13.411,9.27,4.141
670,2012-08-15,13.552999999999999,11.06,2.4929999999999986
671,2012-08-16,13.292,11.890999999999998,1.4010000000000016
672,2012-08-17,13.315999999999999,12.799000000000001,0.5169999999999977
673,2012-08-18,12.913,14.225999999999999,-1.3129999999999988
674,2012-08-19,11.536,13.841,-2.3049999999999997
675,2012-08-20,10.681,13.045,-2.3640000000000008
676,2012-08-21,10.515,13.046,-2.530999999999999
677,2012-08-22,11.014000000000001,13.447000000000001,-2.433
678,2012-08-23,9.613,12.57,-2.9570000000000007
679,2012-08-24,7.24,9.732999999999999,-2.4929999999999986
680,2012-08-25,6.148,7.234,-1.0860000000000003
681,2012-08-26,7.596,7.782,-0.18599999999999994
682,2012-08-27,6.86,8.31,-1.4500000000000002
683,2012-08-28,5.412000000000001,6.476,-1.0639999999999992
684,2012-08-29,5.436,7.296,-1.8600000000000003
685,2012-08-30,6.8839999999999995,8.671,-1.787
686,2012-08-31,15.713,10.349,5.363999999999999
687,2012-01-09,14.36,11.175999999999998,3.184000000000001
688,2012-02-09,11.677999999999999,9.932,1.7459999999999987
689,2012-03-09,14.432,11.493,2.939
690,2012-04-09,14.622,12.645,1.9770000000000003
691,2012-05-09,35.913000000000004,14.470999999999998,21.442000000000007
692,2012-06-09,36.008,15.777999999999999,20.230000000000004
693,2012-07-09,18.823,12.886,5.937000000000001
694,2012-08-09,11.37,10.787,0.5829999999999984
695,2012-09-09,7.691,8.921,-1.2299999999999995
696,2012-10-09,5.815,6.367999999999999,-0.552999999999999
697,2012-11-09,5.412000000000001,5.666,-0.25399999999999956
698,2012-12-09,8.189,6.979,1.21
699,2012-09-13,7.667000000000001,7.358,0.30900000000000105
700,2012-09-14,8.047,6.672000000000001,1.375
701,2012-09-15,7.547999999999999,6.745,0.802999999999999
702,2012-09-16,13.220999999999998,7.492000000000001,5.728999999999997
703,2012-09-17,18.918,8.682,10.235999999999999
704,2012-09-18,12.936,8.592,4.343999999999999
705,2012-09-19,8.759,6.921,1.838
706,2012-09-20,6.67,6.035,0.6349999999999998
707,2012-09-21,5.672999999999999,5.975,-0.3020000000000005
708,2012-09-22,4.724,5.524,-0.7999999999999998
709,2012-09-23,3.8930000000000002,4.438,-0.5449999999999995
710,2012-09-24,3.2760000000000002,3.505,-0.22899999999999965
711,2012-09-25,2.825,3.0610000000000004,-0.2360000000000002
712,2012-09-26,2.445,2.615,-0.17000000000000037
713,2012-09-27,2.113,2.1919999999999997,-0.07899999999999974
714,2012-09-28,1.994,1.9080000000000001,0.08599999999999985
715,2012-09-29,1.756,1.848,-0.09200000000000008
716,2012-09-30,1.733,2.032,-0.29899999999999993
717,2012-01-10,1.709,2.064,-0.355
718,2012-02-10,1.5190000000000001,1.903,-0.3839999999999999
719,2012-03-10,1.5190000000000001,2.266,-0.7469999999999999
720,2012-04-10,1.804,2.699,-0.8949999999999998
721,2012-05-10,2.255,2.9189999999999996,-0.6639999999999997
722,2012-06-10,2.73,3.049,-0.31899999999999995
723,2012-07-10,2.92,3.057,-0.137
724,2012-08-10,2.611,2.84,-0.22899999999999965
725,2012-09-10,2.255,2.3569999999999998,-0.10199999999999987
726,2012-10-10,1.994,1.999,-0.0050000000000001155
727,2012-11-10,1.97,1.814,0.15599999999999992
728,2012-12-10,1.685,1.6,0.08499999999999996
729,2012-10-13,1.495,1.314,0.18100000000000005
730,2012-10-14,1.258,1.0759999999999998,0.18200000000000016
731,2012-10-15,1.092,0.909,0.18300000000000005
732,2012-10-16,0.973,0.8220000000000001,0.1509999999999999
733,2012-10-17,0.9259999999999999,0.74,0.18599999999999994
734,2012-10-18,0.76,0.665,0.09499999999999997
735,2012-10-19,0.76,0.599,0.16100000000000003
736,2012-10-20,0.736,0.539,0.19699999999999995
737,2012-10-21,0.617,0.485,0.132
738,2012-10-22,0.546,0.43700000000000006,0.10899999999999999
739,2012-10-23,0.546,0.39899999999999997,0.14700000000000008
740,2012-10-24,0.997,0.568,0.42900000000000005
741,2012-10-25,1.187,0.757,0.43000000000000005
742,2012-10-26,1.5190000000000001,0.7709999999999999,0.7480000000000002
743,2012-10-27,1.3530000000000002,0.778,0.5750000000000002
744,2012-10-28,1.2109999999999999,0.752,0.45899999999999985
745,2012-10-29,1.044,0.743,0.30100000000000005
746,2012-10-30,0.902,0.69,0.21200000000000008
747,2012-10-31,0.76,0.628,0.132
748,2012-01-11,0.688,0.5660000000000001,0.12199999999999989
749,2012-02-11,0.688,0.51,0.17799999999999994
750,2012-03-11,0.546,0.46,0.08600000000000002
751,2012-04-11,0.475,0.415,0.06
752,2012-05-11,0.451,0.374,0.07700000000000001
753,2012-06-11,0.451,0.337,0.11399999999999999
754,2012-07-11,0.617,0.32899999999999996,0.28800000000000003
755,2012-08-11,0.688,0.35100000000000003,0.3369999999999999
756,2012-09-11,0.736,0.37200000000000005,0.36399999999999993
757,2012-10-11,0.617,0.36200000000000004,0.25499999999999995
758,2012-11-11,0.617,0.341,0.27599999999999997
759,2012-12-11,0.665,0.361,0.30400000000000005
760,2012-11-13,0.6409999999999999,0.375,0.2659999999999999
761,2012-11-14,0.831,0.38,0.45099999999999996
762,2012-11-15,1.1159999999999999,0.6,0.5159999999999999
763,2012-11-16,1.258,0.879,0.379
764,2012-11-17,1.139,0.963,0.17600000000000005
765,2012-11-18,0.997,0.894,0.10299999999999998
766,2012-11-19,1.234,0.878,0.356
767,2012-11-20,1.258,0.8909999999999999,0.3670000000000001
768,2012-11-21,1.187,0.8390000000000001,0.348
769,2012-11-22,1.1159999999999999,0.998,0.11799999999999988
770,2012-11-23,0.997,1.137,-0.14
771,2012-11-24,0.855,1.722,-0.867
772,2012-11-25,0.76,2.097,-1.337
773,2012-11-26,0.688,1.735,-1.0470000000000002
774,2012-11-27,0.617,1.423,-0.806
775,2012-11-28,0.57,1.165,-0.5950000000000001
776,2012-11-29,0.475,0.945,-0.47
777,2012-11-30,0.40399999999999997,0.83,-0.426
778,2012-01-12,0.38,0.7509999999999999,-0.3709999999999999
779,2012-02-12,0.35600000000000004,0.679,-0.323
780,2012-03-12,0.285,0.615,-0.33
781,2012-04-12,0.237,0.557,-0.32000000000000006
782,2012-05-12,0.19,0.504,-0.314
783,2012-06-12,0.142,0.456,-0.31400000000000006
784,2012-07-12,0.11900000000000001,0.413,-0.294
785,2012-08-12,0.11900000000000001,0.374,-0.255
786,2012-09-12,0.095,0.33799999999999997,-0.24299999999999997
787,2012-10-12,0.071,0.306,-0.235
788,2012-11-12,0.071,0.27699999999999997,-0.20599999999999996
789,2012-12-12,0.047,0.251,-0.20400000000000001
790,2012-12-13,0.047,0.22699999999999998,-0.18
791,2012-12-14,0.047,0.20600000000000002,-0.15900000000000003
792,2012-12-15,0.071,0.18600000000000003,-0.11500000000000003
793,2012-12-16,0.047,0.16899999999999998,-0.12199999999999998
794,2012-12-17,0.047,0.153,-0.106
795,2012-12-18,0.047,0.139,-0.09200000000000001
796,2012-12-19,0.047,0.132,-0.085
797,2012-12-20,0.047,0.127,-0.08
798,2012-12-21,0.047,0.115,-0.068
799,2012-12-22,0.024,0.10400000000000001,-0.08000000000000002
800,2012-12-23,0.024,0.094,-0.07
801,2012-12-24,0.024,0.085,-0.061000000000000006
802,2012-12-25,0.024,0.077,-0.053
803,2012-12-26,0.024,0.07,-0.046000000000000006
804,2012-12-27,0.024,0.063,-0.039
805,2012-12-28,0.024,0.109,-0.08499999999999999
806,2012-12-29,0.071,0.14800000000000002,-0.07700000000000003
807,2012-12-30,0.047,0.162,-0.115
808,2012-12-31,0.071,0.198,-0.127
809,2013-01-01,0.095,0.20600000000000002,-0.11100000000000002
810,2013-02-01,0.071,0.187,-0.116
811,2013-03-01,0.071,0.16899999999999998,-0.09799999999999999
812,2013-04-01,0.071,0.174,-0.103
813,2013-05-01,0.047,0.17800000000000002,-0.131
814,2013-06-01,0.047,0.172,-0.12499999999999999
815,2013-07-01,0.071,0.195,-0.12400000000000001
816,2013-08-01,0.047,0.204,-0.15699999999999997
817,2013-09-01,0.071,0.20199999999999999,-0.131
818,2013-10-01,0.071,0.2,-0.129
819,2013-11-01,0.047,0.183,-0.136
820,2013-12-01,0.047,0.166,-0.11900000000000001
821,2013-01-13,0.047,0.15,-0.103
822,2013-01-14,0.047,0.15,-0.103
823,2013-01-15,0.047,0.15,-0.103
824,2013-01-16,0.047,0.13699999999999998,-0.08999999999999998
825,2013-01-17,0.024,0.124,-0.1
826,2013-01-18,0.024,0.124,-0.1
827,2013-01-19,0.071,0.165,-0.09400000000000001
828,2013-01-20,0.071,0.196,-0.125
829,2013-01-21,0.047,0.188,-0.14100000000000001
830,2013-01-22,0.071,0.19899999999999998,-0.128
831,2013-01-23,0.166,0.22399999999999998,-0.05799999999999997
832,2013-01-24,0.19,0.228,-0.038000000000000006
833,2013-01-25,0.19,0.255,-0.065
834,2013-01-26,0.166,0.307,-0.141
835,2013-01-27,0.142,0.32,-0.17800000000000002
836,2013-01-28,0.142,0.306,-0.164
837,2013-01-29,0.11900000000000001,0.337,-0.21800000000000003
838,2013-01-30,0.11900000000000001,0.365,-0.246
839,2013-01-31,0.095,0.355,-0.26
840,2013-01-02,0.11900000000000001,0.35600000000000004,-0.23700000000000004
841,2013-02-02,0.11900000000000001,0.348,-0.22899999999999998
842,2013-03-02,0.11900000000000001,0.32799999999999996,-0.20899999999999996
843,2013-04-02,0.095,0.308,-0.213
844,2013-05-02,0.071,0.28,-0.20900000000000002
845,2013-06-02,0.071,0.257,-0.186
846,2013-07-02,0.047,0.23600000000000002,-0.189
847,2013-08-02,0.047,0.214,-0.16699999999999998
848,2013-09-02,0.047,0.19399999999999998,-0.14699999999999996
849,2013-10-02,0.047,0.17600000000000002,-0.129
850,2013-11-02,0.024,0.159,-0.135
851,2013-12-02,0.024,0.14400000000000002,-0.12000000000000002
852,2013-02-13,0.024,0.131,-0.10700000000000001
853,2013-02-14,0.024,0.122,-0.098
854,2013-02-15,0.024,0.113,-0.089
855,2013-02-16,0.024,0.10300000000000001,-0.07900000000000001
856,2013-02-17,0.024,0.12300000000000001,-0.099
857,2013-02-18,0.024,0.18899999999999997,-0.16499999999999998
858,2013-02-19,0.024,0.217,-0.193
859,2013-02-20,0.0,0.198,-0.198
860,2013-02-21,0.024,0.201,-0.17700000000000002
861,2013-02-22,0.024,0.248,-0.224
862,2013-02-23,0.024,0.289,-0.26499999999999996
863,2013-02-24,0.047,0.297,-0.25
864,2013-02-25,0.071,0.298,-0.22699999999999998
865,2013-02-26,0.237,0.493,-0.256
866,2013-02-27,0.546,0.8059999999999999,-0.2599999999999999
867,2013-02-28,0.973,1.014,-0.041000000000000036
868,2013-01-03,1.068,1.067,0.001000000000000112
869,2013-02-03,0.997,0.946,0.051000000000000045
870,2013-03-03,1.021,0.8220000000000001,0.19899999999999984
871,2013-04-03,0.902,0.7020000000000001,0.19999999999999996
872,2013-05-03,0.831,0.635,0.19599999999999995
873,2013-06-03,0.973,0.7929999999999999,0.18000000000000005
874,2013-07-03,1.068,0.93,0.138
875,2013-08-03,1.092,0.865,0.2270000000000001
876,2013-09-03,0.9259999999999999,0.7609999999999999,0.16500000000000004
877,2013-10-03,0.902,0.698,0.20400000000000007
878,2013-11-03,0.9259999999999999,0.667,0.2589999999999999
879,2013-12-03,0.7829999999999999,0.657,0.1259999999999999
880,2013-03-13,0.7120000000000001,0.617,0.09500000000000008
881,2013-03-14,0.665,0.5670000000000001,0.09799999999999998
882,2013-03-15,0.7120000000000001,0.56,0.15200000000000002
883,2013-03-16,0.593,0.556,0.03699999999999992
884,2013-03-17,0.498,0.519,-0.02100000000000002
885,2013-03-18,0.40399999999999997,0.47100000000000003,-0.06700000000000006
886,2013-03-19,0.35600000000000004,0.42700000000000005,-0.07100000000000001
887,2013-03-20,0.309,0.38799999999999996,-0.07899999999999996
888,2013-03-21,0.285,0.35200000000000004,-0.06700000000000006
889,2013-03-22,0.261,0.319,-0.057999999999999996
890,2013-03-23,0.19,0.294,-0.10399999999999998
891,2013-03-24,0.19,0.282,-0.09199999999999997
892,2013-03-25,0.214,0.27699999999999997,-0.06299999999999997
893,2013-03-26,0.214,0.27399999999999997,-0.05999999999999997
894,2013-03-27,0.261,0.319,-0.057999999999999996
895,2013-03-28,0.261,0.361,-0.09999999999999998
896,2013-03-29,0.19,0.376,-0.186
897,2013-03-30,0.19,0.386,-0.196
898,2013-03-31,0.332,0.45399999999999996,-0.12199999999999994
899,2013-01-04,0.35600000000000004,0.528,-0.172
900,2013-02-04,0.38,0.544,-0.16400000000000003
901,2013-03-04,0.38,0.532,-0.15200000000000002
902,2013-04-04,0.38,0.525,-0.14500000000000002
903,2013-05-04,0.40399999999999997,0.556,-0.15200000000000008
904,2013-06-04,0.38,0.5429999999999999,-0.16299999999999992
905,2013-07-04,0.35600000000000004,0.493,-0.13699999999999996
906,2013-08-04,0.285,0.45,-0.16500000000000004
907,2013-09-04,0.285,0.441,-0.15600000000000003
908,2013-10-04,0.261,0.461,-0.2
909,2013-11-04,0.19,0.449,-0.259
910,2013-12-04,0.214,0.40700000000000003,-0.19300000000000003
911,2013-04-13,0.19,0.37,-0.18
912,2013-04-14,0.166,0.33799999999999997,-0.17199999999999996
913,2013-04-15,0.261,0.38,-0.119
914,2013-04-16,0.546,0.515,0.031000000000000028
915,2013-04-17,0.617,0.688,-0.07099999999999995
916,2013-04-18,0.57,0.723,-0.15300000000000002
917,2013-04-19,0.617,0.6629999999999999,-0.04599999999999993
918,2013-04-20,0.855,0.607,0.248
919,2013-04-21,0.878,0.653,0.22499999999999998
920,2013-04-22,0.76,0.745,0.015000000000000013
921,2013-04-23,0.7120000000000001,0.745,-0.03299999999999992
922,2013-04-24,0.688,0.738,-0.050000000000000044
923,2013-04-25,0.546,0.79,-0.244
924,2013-04-26,0.498,0.828,-0.32999999999999996
925,2013-04-27,0.475,0.795,-0.32000000000000006
926,2013-04-28,0.40399999999999997,0.752,-0.34800000000000003
927,2013-04-29,0.38,0.6920000000000001,-0.31200000000000006
928,2013-04-30,0.309,0.634,-0.325
929,2013-01-05,0.35600000000000004,0.596,-0.23999999999999994
930,2013-02-05,0.38,0.563,-0.18299999999999994
931,2013-03-05,0.617,0.596,0.02100000000000002
932,2013-04-05,0.76,0.607,0.15300000000000002
933,2013-05-05,0.807,0.5720000000000001,0.235
934,2013-06-05,1.329,0.654,0.6749999999999999
935,2013-07-05,1.733,0.9079999999999999,0.8250000000000002
936,2013-08-05,1.733,0.975,0.7580000000000001
937,2013-09-05,1.5430000000000001,1.08,0.4630000000000001
938,2013-10-05,1.614,1.695,-0.08099999999999996
939,2013-11-05,1.5190000000000001,2.419,-0.8999999999999999
940,2013-12-05,1.4240000000000002,2.853,-1.429
941,2013-05-13,1.163,3.766,-2.6029999999999998
942,2013-05-14,1.068,5.255,-4.186999999999999
943,2013-05-15,1.59,7.428,-5.838
944,2013-05-16,1.899,8.16,-6.261
945,2013-05-17,2.516,9.591000000000001,-7.075000000000001
946,2013-05-18,3.679,14.66,-10.981
947,2013-05-19,6.314,19.83,-13.515999999999998
948,2013-05-20,11.749,24.054000000000002,-12.305000000000001
949,2013-05-21,19.25,30.678,-11.428
950,2013-05-22,33.563,36.082,-2.5189999999999984
951,2013-05-23,45.787,33.108000000000004,12.678999999999995
952,2013-05-24,39.426,28.342,11.084000000000003
953,2013-05-25,27.748,24.962,2.7860000000000014
954,2013-05-26,21.741999999999997,20.623,1.1189999999999962
955,2013-05-27,21.624000000000002,19.682000000000002,1.9420000000000002
956,2013-05-28,27.344,23.768,3.5760000000000005
957,2013-05-29,33.634,29.956,3.678000000000001
958,2013-05-30,36.957,36.291,0.6660000000000039
959,2013-05-31,39.022,39.874,-0.8520000000000039
960,2013-01-06,40.66,41.79600000000001,-1.13600000000001
961,2013-02-06,41.086999999999996,41.332,-0.24500000000000455
962,2013-03-06,40.755,36.12,4.635000000000005
963,2013-04-06,31.569000000000003,24.221999999999998,7.347000000000005
964,2013-05-06,21.861,18.433,3.428000000000001
965,2013-06-06,22.075,18.521,3.5539999999999985
966,2013-07-06,28.982,22.622,6.359999999999999
967,2013-08-06,25.564,24.595,0.9690000000000012
968,2013-09-06,19.891,22.294,-2.4030000000000022
969,2013-10-06,16.283,19.345,-3.0619999999999976
970,2013-11-06,14.764000000000001,15.68,-0.9159999999999986
971,2013-12-06,12.414000000000001,11.638,0.7760000000000016
972,2013-06-13,11.109000000000002,10.112,0.9970000000000017
973,2013-06-14,15.095999999999998,11.45,3.645999999999999
974,2013-06-15,19.464000000000002,13.694,5.770000000000001
975,2013-06-16,18.775,14.035,4.739999999999998
976,2013-06-17,17.066,13.407,3.658999999999999
977,2013-06-18,14.527000000000001,12.044,2.4830000000000005
978,2013-06-19,12.105,9.562000000000001,2.5429999999999993
979,2013-06-20,14.811,11.790999999999999,3.0200000000000014
980,2013-06-21,17.399,14.498,2.9010000000000016
981,2013-06-22,32.139,16.537,15.602000000000004
982,2013-06-23,31.735,19.935,11.8
983,2013-06-24,27.843000000000004,21.177,6.666000000000004
984,2013-06-25,27.392,22.851,4.541
985,2013-06-26,21.814,22.714000000000002,-0.9000000000000021
986,2013-06-27,16.852999999999998,19.667,-2.8140000000000036
987,2013-06-28,17.826,19.278,-1.4519999999999982
988,2013-06-29,23.641,20.958000000000002,2.6829999999999963
989,2013-06-30,22.455,20.62,1.8349999999999973
990,2013-01-07,17.445999999999998,18.533,-1.0870000000000033
991,2013-02-07,16.615,18.511,-1.8960000000000008
992,2013-03-07,16.734,18.875999999999998,-2.141999999999996
993,2013-04-07,13.957,17.96,-4.003
994,2013-05-07,16.734,18.393,-1.658999999999999
995,2013-06-07,17.517,18.813,-1.2959999999999994
996,2013-07-07,17.636,17.96,-0.3240000000000016
997,2013-08-07,20.508000000000003,16.589000000000002,3.9190000000000005
998,2013-09-07,20.531999999999996,17.499000000000002,3.032999999999994
999,2013-10-07,18.491,18.724,-0.23300000000000054
1000,2013-11-07,13.458,16.651,-3.1929999999999996
1001,2013-12-07,12.129000000000001,15.440999999999999,-3.3119999999999976
1002,2013-07-13,14.242,15.269,-1.0269999999999992
1003,2013-07-14,14.669,14.329,0.33999999999999986
1004,2013-07-15,18.372,14.099,4.273
1005,2013-07-16,17.114,13.964,3.1500000000000004
1006,2013-07-17,12.58,12.655999999999999,-0.07599999999999874
1007,2013-07-18,11.322000000000001,11.939,-0.6169999999999991
1008,2013-07-19,9.684,11.312000000000001,-1.628000000000002
1009,2013-07-20,11.607000000000001,11.06,0.5470000000000006
1010,2013-07-21,15.88,11.915,3.9650000000000016
1011,2013-07-22,13.957,11.052,2.905000000000001
1012,2013-07-23,10.515,9.517999999999999,0.9970000000000017
1013,2013-07-24,9.138,10.252,-1.1140000000000008
1014,2013-07-25,9.328,12.33,-3.0020000000000007
1015,2013-07-26,9.945,14.072000000000001,-4.127000000000001
1016,2013-07-27,9.922,14.964,-5.042
1017,2013-07-28,10.183,15.690999999999999,-5.507999999999999
1018,2013-07-29,12.745999999999999,16.687,-3.9410000000000025
1019,2013-07-30,14.597999999999999,17.424,-2.8260000000000005
1020,2013-07-31,23.19,18.91,4.280000000000001
1021,2013-01-08,24.994,19.366,5.628
1022,2013-02-08,15.975,17.025,-1.049999999999999
1023,2013-03-08,13.505999999999998,15.447000000000001,-1.9410000000000025
1024,2013-04-08,21.837,17.622,4.215
1025,2013-05-08,15.902999999999999,18.465999999999998,-2.562999999999999
1026,2013-06-08,12.437999999999999,17.121,-4.683
1027,2013-07-08,14.93,18.164,-3.2340000000000018
1028,2013-08-08,11.939,17.923,-5.983999999999998
1029,2013-09-08,8.782,14.975,-6.193
1030,2013-10-08,7.832999999999999,12.409,-4.576000000000001
1031,2013-11-08,7.026,11.095,-4.069000000000001
1032,2013-12-08,6.7170000000000005,10.953,-4.235999999999999
1033,2013-08-13,6.789,11.270999999999999,-4.481999999999999
1034,2013-08-14,6.527,10.697000000000001,-4.170000000000001
1035,2013-08-15,6.1,9.081,-2.981
1036,2013-08-16,5.72,7.694,-1.9740000000000002
1037,2013-08-17,9.517999999999999,9.381,0.13699999999999868
1038,2013-08-18,10.135,11.255999999999998,-1.1209999999999987
1039,2013-08-19,12.129000000000001,11.923,0.2060000000000013
1040,2013-08-20,16.924,12.304,4.619999999999999
1041,2013-08-21,21.244,12.187999999999999,9.056000000000001
1042,2013-08-22,20.128,13.209000000000001,6.918999999999999
1043,2013-08-23,14.052,12.794,1.2579999999999991
1044,2013-08-24,10.515,11.172,-0.657
1045,2013-08-25,8.949,10.815,-1.8659999999999997
1046,2013-08-26,9.993,11.790999999999999,-1.7979999999999983
1047,2013-08-27,15.073,15.172,-0.0990000000000002
1048,2013-08-28,19.915,19.179000000000002,0.7359999999999971
1049,2013-08-29,15.69,19.730999999999998,-4.040999999999999
1050,2013-08-30,11.56,16.836,-5.275999999999998
1051,2013-08-31,8.854,13.515999999999998,-4.661999999999999
1052,2013-01-09,8.355,12.219000000000001,-3.8640000000000008
1053,2013-02-09,8.236,11.663,-3.4269999999999996
1054,2013-03-09,7.643,11.197000000000001,-3.554000000000001
1055,2013-04-09,7.121,10.338,-3.2169999999999987
1056,2013-05-09,9.115,10.671,-1.5559999999999992
1057,2013-06-09,8.759,11.585999999999999,-2.826999999999998
1058,2013-07-09,8.521,12.469000000000001,-3.9480000000000004
1059,2013-08-09,6.789,12.139000000000001,-5.350000000000001
1060,2013-09-09,6.504,11.099,-4.595000000000001
1061,2013-10-09,7.002000000000001,11.652000000000001,-4.65
1062,2013-11-09,6.48,12.508,-6.027999999999999
1063,2013-12-09,5.483,11.868,-6.385000000000001
1064,2013-09-13,5.957999999999999,11.048,-5.090000000000001
1065,2013-09-14,6.836,11.213,-4.376999999999999
1066,2013-09-15,13.909,11.34,2.569000000000001
1067,2013-09-16,19.369,11.829,7.539999999999999
1068,2013-09-17,15.095999999999998,11.548,3.5479999999999983
1069,2013-09-18,14.099,10.53,3.569000000000001
1070,2013-09-19,14.669,10.187999999999999,4.481000000000002
1071,2013-09-20,16.473,10.395,6.077999999999999
1072,2013-09-21,12.984000000000002,11.392999999999999,1.5910000000000029
1073,2013-09-22,8.568999999999999,11.270999999999999,-2.702
1074,2013-09-23,6.266,9.57,-3.3040000000000003
1075,2013-09-24,4.652,7.922999999999999,-3.270999999999999
1076,2013-09-25,3.608,5.976,-2.368
1077,2013-09-26,2.801,4.045,-1.2439999999999998
1078,2013-09-27,2.184,3.141,-0.9569999999999999
1079,2013-09-28,1.899,2.6689999999999996,-0.7699999999999996
1080,2013-09-29,1.59,2.31,-0.72
1081,2013-09-30,1.5190000000000001,2.081,-0.5619999999999998
1082,2013-01-10,1.5430000000000001,2.372,-0.8289999999999997
1083,2013-02-10,1.733,3.0639999999999996,-1.3309999999999995
1084,2013-03-10,1.851,3.608,-1.7570000000000001
1085,2013-04-10,1.97,3.5439999999999996,-1.5739999999999996
1086,2013-05-10,2.065,3.28,-1.2149999999999999
1087,2013-06-10,3.822,3.76,0.06200000000000028
1088,2013-07-10,7.002000000000001,5.267,1.7350000000000003
1089,2013-08-10,5.982,5.7170000000000005,0.2649999999999997
1090,2013-09-10,6.7170000000000005,5.638,1.0790000000000006
1091,2013-10-10,7.002000000000001,5.317,1.6850000000000005
1092,2013-11-10,7.857,4.327,3.5300000000000002
1093,2013-12-10,12.604000000000001,5.086,7.518000000000001
1094,2013-10-13,12.889000000000001,6.393,6.496000000000001
1095,2013-10-14,9.566,5.747000000000001,3.819
1096,2013-10-15,7.0729999999999995,4.388999999999999,2.684
1097,2013-10-16,4.985,3.4560000000000004,1.529
1098,2013-10-17,3.798,2.872,0.9260000000000002
1099,2013-10-18,3.181,2.3930000000000002,0.7879999999999998
1100,2013-10-19,3.228,2.119,1.109
1101,2013-10-20,2.92,1.964,0.956
1102,2013-10-21,2.326,1.7180000000000002,0.6079999999999999
1103,2013-10-22,1.946,1.416,0.53
1104,2013-10-23,1.733,1.222,0.5110000000000001
1105,2013-10-24,1.733,1.218,0.5150000000000001
1106,2013-10-25,2.207,1.473,0.7339999999999998
1107,2013-10-26,2.54,1.556,0.984
1108,2013-10-27,2.445,1.33,1.1149999999999998
1109,2013-10-28,2.255,1.13,1.125
1110,2013-10-29,2.302,1.0290000000000001,1.273
1111,2013-10-30,2.54,0.955,1.585
1112,2013-10-31,2.421,0.9259999999999999,1.4949999999999999
1113,2013-01-11,2.136,0.875,1.2610000000000001
1114,2013-02-11,1.923,0.7909999999999999,1.1320000000000001
1115,2013-03-11,1.709,0.727,0.9820000000000001
1116,2013-04-11,1.5190000000000001,0.667,0.8520000000000001
1117,2013-05-11,1.495,0.601,0.8940000000000001
1118,2013-06-11,1.305,0.542,0.7629999999999999
1119,2013-07-11,1.187,0.488,0.6990000000000001
1120,2013-08-11,1.092,0.44,0.6520000000000001
1121,2013-09-11,0.997,0.402,0.595
1122,2013-10-11,1.044,0.376,0.668
1123,2013-11-11,1.092,0.391,0.7010000000000001
1124,2013-12-11,1.2819999999999998,0.452,0.8299999999999998
1125,2013-11-13,1.828,0.691,1.137
1126,2013-11-14,1.662,0.85,0.8119999999999999
1127,2013-11-15,1.6380000000000001,0.758,0.8800000000000001
1128,2013-11-16,1.923,0.8370000000000001,1.0859999999999999
1129,2013-11-17,2.611,1.247,1.364
1130,2013-11-18,2.92,1.631,1.289
1131,2013-11-19,2.7060000000000004,1.7830000000000001,0.9230000000000003
1132,2013-11-20,2.397,1.743,0.6539999999999997
1133,2013-11-21,1.946,1.514,0.43199999999999994
1134,2013-11-22,1.685,1.2409999999999999,0.4440000000000002
1135,2013-11-23,1.828,1.099,0.7290000000000001
1136,2013-11-24,2.113,1.114,0.9989999999999999
1137,2013-11-25,2.302,1.193,1.109
1138,2013-11-26,2.113,1.157,0.956
1139,2013-11-27,2.516,1.262,1.254
1140,2013-11-28,3.133,1.469,1.664
1141,2013-11-29,2.492,1.462,1.03
1142,2013-11-30,2.255,1.337,0.9179999999999999
1143,2013-01-12,2.397,1.329,1.0679999999999998
1144,2013-02-12,2.397,1.344,1.0529999999999997
1145,2013-03-12,3.228,1.6019999999999999,1.6260000000000003
1146,2013-04-12,3.2760000000000002,1.835,1.4410000000000003
1147,2013-05-12,3.228,1.851,1.3770000000000002
1148,2013-06-12,2.682,1.806,0.8759999999999999
1149,2013-07-12,2.113,1.5730000000000002,0.5399999999999998
1150,2013-08-12,1.756,1.319,0.43700000000000006
1151,2013-09-12,1.4480000000000002,1.087,0.3610000000000002
1152,2013-10-12,1.3769999999999998,0.975,0.4019999999999998
1153,2013-11-12,2.136,1.4509999999999998,0.6850000000000003
1154,2013-12-12,3.56,2.019,1.541
1155,2013-12-13,4.011,2.28,1.7310000000000003
1156,2013-12-14,3.988,2.23,1.758
1157,2013-12-15,3.7030000000000003,1.876,1.8270000000000004
1158,2013-12-16,3.655,1.6,2.0549999999999997
1159,2013-12-17,3.7739999999999996,1.4969999999999999,2.2769999999999997
1160,2013-12-18,3.679,1.589,2.09
1161,2013-12-19,2.967,1.5419999999999998,1.4250000000000003
1162,2013-12-20,2.374,1.33,1.044
1163,2013-12-21,2.065,1.196,0.869
1164,2013-12-22,1.804,1.189,0.615
1165,2013-12-23,1.5430000000000001,1.112,0.43100000000000005
1166,2013-12-24,1.685,1.0170000000000001,0.6679999999999999
1167,2013-12-25,1.5190000000000001,0.9990000000000001,0.52
1168,2013-12-26,1.4,0.966,0.43399999999999994
1169,2013-12-27,1.5190000000000001,0.9420000000000001,0.5770000000000001
1170,2013-12-28,1.3769999999999998,0.892,0.48499999999999976
1171,2013-12-29,1.258,0.8320000000000001,0.42599999999999993
1172,2013-12-30,1.092,0.795,0.29700000000000004
1173,2013-12-31,1.139,0.755,0.384
1174,2014-01-01,0.9259999999999999,0.713,0.21299999999999997
1175,2014-02-01,0.9259999999999999,0.662,0.2639999999999999
1176,2014-03-01,0.855,0.6,0.255
1177,2014-04-01,0.831,0.544,0.2869999999999999
1178,2014-05-01,0.76,0.493,0.267
1179,2014-06-01,0.7120000000000001,0.447,0.26500000000000007
1180,2014-07-01,0.665,0.414,0.25100000000000006
1181,2014-08-01,0.617,0.385,0.23199999999999998
1182,2014-09-01,0.617,0.35100000000000003,0.26599999999999996
1183,2014-10-01,0.546,0.319,0.22700000000000004
1184,2014-11-01,0.522,0.289,0.23300000000000004
1185,2014-12-01,0.451,0.262,0.189
1186,2014-01-13,0.38,0.23800000000000002,0.142
1187,2014-01-14,0.38,0.215,0.165
1188,2014-01-15,0.38,0.195,0.185
1189,2014-01-16,0.332,0.177,0.15500000000000003
1190,2014-01-17,0.332,0.16,0.17200000000000001
1191,2014-01-18,0.309,0.145,0.164
1192,2014-01-19,0.35600000000000004,0.132,0.22400000000000003
1193,2014-01-20,0.332,0.12,0.21200000000000002
1194,2014-01-21,0.309,0.10800000000000001,0.20099999999999998
1195,2014-01-22,0.285,0.098,0.18699999999999997
1196,2014-01-23,0.285,0.08900000000000001,0.19599999999999995
1197,2014-01-24,0.285,0.081,0.20399999999999996
1198,2014-01-25,0.285,0.073,0.21199999999999997
1199,2014-01-26,0.285,0.066,0.21899999999999997
1200,2014-01-27,0.285,0.06,0.22499999999999998
1201,2014-01-28,0.309,0.055,0.254
1202,2014-01-29,0.261,0.049,0.21200000000000002
1203,2014-01-30,0.285,0.045,0.24
1204,2014-01-31,0.285,0.040999999999999995,0.244
1205,2014-01-02,0.332,0.037000000000000005,0.29500000000000004
1206,2014-02-02,0.332,0.034,0.29800000000000004
1207,2014-03-02,0.35600000000000004,0.031,0.32500000000000007
1208,2014-04-02,0.498,0.126,0.372
1209,2014-05-02,0.475,0.16399999999999998,0.311
1210,2014-06-02,0.475,0.152,0.32299999999999995
1211,2014-07-02,0.40399999999999997,0.138,0.26599999999999996
1212,2014-08-02,0.42700000000000005,0.125,0.30200000000000005
1213,2014-09-02,0.42700000000000005,0.11699999999999999,0.31000000000000005
1214,2014-10-02,0.475,0.11599999999999999,0.359
1215,2014-11-02,0.40399999999999997,0.11699999999999999,0.287
1216,2014-12-02,0.40399999999999997,0.11199999999999999,0.292
1217,2014-02-13,0.42700000000000005,0.102,0.32500000000000007
1218,2014-02-14,0.38,0.092,0.28800000000000003
1219,2014-02-15,0.42700000000000005,0.084,0.343
1220,2014-02-16,0.42700000000000005,0.077,0.35000000000000003
1221,2014-02-17,0.38,0.087,0.29300000000000004
1222,2014-02-18,0.38,0.105,0.275
1223,2014-02-19,0.38,0.11199999999999999,0.268
1224,2014-02-20,0.38,0.111,0.269
1225,2014-02-21,0.522,0.10099999999999999,0.42100000000000004
1226,2014-02-22,0.38,0.11199999999999999,0.268
1227,2014-02-23,0.475,0.147,0.32799999999999996
1228,2014-02-24,0.997,0.392,0.605
1229,2014-02-25,1.4480000000000002,0.6509999999999999,0.7970000000000003
1230,2014-02-26,1.3769999999999998,0.624,0.7529999999999998
1231,2014-02-27,1.258,0.479,0.779
1232,2014-02-28,1.092,0.414,0.6780000000000002
1233,2014-01-03,0.997,0.375,0.622
1234,2014-02-03,0.9259999999999999,0.341,0.585
1235,2014-03-03,0.831,0.309,0.522
1236,2014-04-03,0.76,0.28,0.48
1237,2014-05-03,0.7120000000000001,0.254,0.4580000000000001
1238,2014-06-03,0.831,0.24,0.591
1239,2014-07-03,1.139,0.35600000000000004,0.7829999999999999
1240,2014-08-03,1.6380000000000001,0.541,1.097
1241,2014-09-03,2.445,0.713,1.7319999999999998
1242,2014-10-03,2.991,1.044,1.947
1243,2014-11-03,3.822,1.254,2.568
1244,2014-12-03,3.56,1.34,2.2199999999999998
1245,2014-03-13,3.6319999999999997,1.6740000000000002,1.9579999999999995
1246,2014-03-14,5.08,2.065,3.015
1247,2014-03-15,6.551,2.069,4.482
1248,2014-03-16,6.242999999999999,1.784,4.459
1249,2014-03-17,5.103,1.493,3.6099999999999994
1250,2014-03-18,4.154,1.219,2.9349999999999996
1251,2014-03-19,3.228,0.9940000000000001,2.234
1252,2014-03-20,2.8960000000000004,0.8190000000000001,2.0770000000000004
1253,2014-03-21,2.326,0.7979999999999999,1.528
1254,2014-03-22,2.374,0.866,1.508
1255,2014-03-23,2.184,0.898,1.286
1256,2014-03-24,1.923,0.851,1.072
1257,2014-03-25,1.662,0.807,0.8549999999999999
1258,2014-03-26,1.3530000000000002,0.737,0.6160000000000002
1259,2014-03-27,1.2109999999999999,0.669,0.5419999999999998
1260,2014-03-28,1.021,0.608,0.4129999999999999
1261,2014-03-29,0.9259999999999999,0.589,0.33699999999999997
1262,2014-03-30,0.902,0.5760000000000001,0.32599999999999996
1263,2014-03-31,0.807,0.544,0.263
1264,2014-01-04,0.76,0.513,0.247
1265,2014-02-04,0.736,0.48,0.256
1266,2014-03-04,0.736,0.451,0.285
1267,2014-04-04,0.617,0.419,0.198
1268,2014-05-04,0.617,0.401,0.21599999999999997
1269,2014-06-04,0.593,0.451,0.14199999999999996
1270,2014-07-04,0.498,0.45399999999999996,0.04400000000000004
1271,2014-08-04,0.475,0.418,0.056999999999999995
1272,2014-09-04,0.42700000000000005,0.38,0.04700000000000004
1273,2014-10-04,0.38,0.345,0.03500000000000003
1274,2014-11-04,0.617,0.38799999999999996,0.22900000000000004
1275,2014-12-04,0.878,0.49700000000000005,0.38099999999999995
1276,2014-04-13,1.139,0.612,0.527
1277,2014-04-14,0.997,0.622,0.375
1278,2014-04-15,0.9259999999999999,0.545,0.3809999999999999
1279,2014-04-16,1.044,0.52,0.524
1280,2014-04-17,1.305,0.7559999999999999,0.549
1281,2014-04-18,1.258,0.9670000000000001,0.2909999999999999
1282,2014-04-19,1.3530000000000002,0.905,0.4480000000000002
1283,2014-04-20,1.305,0.86,0.44499999999999995
1284,2014-04-21,1.068,0.77,0.29800000000000004
1285,2014-04-22,0.9259999999999999,0.6859999999999999,0.24
1286,2014-04-23,0.736,0.63,0.10599999999999998
1287,2014-04-24,0.617,0.5720000000000001,0.04499999999999993
1288,2014-04-25,0.522,0.519,0.0030000000000000027
1289,2014-04-26,0.475,0.47700000000000004,-0.0020000000000000573
1290,2014-04-27,0.475,0.447,0.02799999999999997
1291,2014-04-28,0.475,0.445,0.02999999999999997
1292,2014-04-29,0.593,0.511,0.08199999999999996
1293,2014-04-30,0.6409999999999999,0.5379999999999999,0.10299999999999998
1294,2014-01-05,0.617,0.521,0.09599999999999997
1295,2014-02-05,0.617,0.49700000000000005,0.11999999999999994
1296,2014-03-05,0.617,0.485,0.132
1297,2014-04-05,0.617,0.465,0.15199999999999997
1298,2014-05-05,0.546,0.428,0.11800000000000005
1299,2014-06-05,0.522,0.389,0.133
1300,2014-07-05,0.57,0.353,0.21699999999999997
1301,2014-08-05,0.451,0.321,0.13
1302,2014-09-05,0.38,0.29100000000000004,0.08899999999999997
1303,2014-10-05,0.35600000000000004,0.265,0.09100000000000003
1304,2014-11-05,0.332,0.24100000000000002,0.091
1305,2014-12-05,0.332,0.22,0.11200000000000002
1306,2014-05-13,0.35600000000000004,0.209,0.14700000000000005
1307,2014-05-14,0.309,0.19899999999999998,0.11000000000000001
1308,2014-05-15,0.35600000000000004,0.196,0.16000000000000003
1309,2014-05-16,0.38,0.264,0.11599999999999999
1310,2014-05-17,0.546,0.37,0.17600000000000005
1311,2014-05-18,0.831,0.426,0.40499999999999997
1312,2014-05-19,1.068,0.6859999999999999,0.3820000000000001
1313,2014-05-20,1.5430000000000001,1.3719999999999999,0.17100000000000026
1314,2014-05-21,2.421,2.259,0.16199999999999992
1315,2014-05-22,4.083,3.427,0.6560000000000001
1316,2014-05-23,9.661,7.688,1.9729999999999999
1317,2014-05-24,21.101999999999997,11.227,9.874999999999996
1318,2014-05-25,22.430999999999997,10.066,12.364999999999997
1319,2014-05-26,17.968,8.469,9.499
1320,2014-05-27,15.215,7.553999999999999,7.6610000000000005
1321,2014-05-28,13.672,7.222,6.45
1322,2014-05-29,12.889000000000001,10.265999999999998,2.623000000000003
1323,2014-05-30,13.387,13.353,0.034000000000000696
1324,2014-05-31,14.455,13.591,0.8640000000000008
1325,2014-01-06,15.144,11.318,3.8260000000000005
1326,2014-02-06,14.194,8.985,5.209000000000001
1327,2014-03-06,14.788,10.632,4.156000000000001
1328,2014-04-06,19.108,15.792,3.3160000000000007
1329,2014-05-06,27.629,22.226999999999997,5.402000000000005
1330,2014-06-06,38.666,31.994,6.671999999999997
1331,2014-07-06,45.74,35.275,10.465000000000003
1332,2014-08-06,45.051,32.431,12.620000000000005
1333,2014-09-06,38.073,27.068,11.004999999999999
1334,2014-10-06,32.542,23.469,9.073
1335,2014-11-06,28.982,20.573,8.408999999999999
1336,2014-12-06,33.016999999999996,23.234,9.782999999999994
1337,2014-06-13,31.64,24.666999999999998,6.9730000000000025
1338,2014-06-14,23.689,19.743,3.9460000000000015
1339,2014-06-15,19.012999999999998,15.682,3.3309999999999977
1340,2014-06-16,16.402,12.612,3.790000000000001
1341,2014-06-17,13.102,9.277000000000001,3.8249999999999993
1342,2014-06-18,13.552999999999999,8.082,5.470999999999998
1343,2014-06-19,13.815,7.568,6.247
1344,2014-06-20,11.345999999999998,5.885,5.4609999999999985
1345,2014-06-21,8.83,4.209,4.621
1346,2014-06-22,7.145,3.585,3.5599999999999996
1347,2014-06-23,6.599,3.568,3.031
1348,2014-06-24,7.547999999999999,4.166,3.381999999999999
1349,2014-06-25,8.759,4.734,4.025
1350,2014-06-26,10.017000000000001,5.501,4.516000000000001
1351,2014-06-27,11.630999999999998,6.97,4.660999999999999
1352,2014-06-28,12.675,7.8389999999999995,4.836000000000001
1353,2014-06-29,13.411,8.718,4.693
1354,2014-06-30,15.239,12.66,2.5790000000000006
1355,2014-01-07,17.517,19.89,-2.373000000000001
1356,2014-02-07,18.491,24.129,-5.638000000000002
1357,2014-03-07,18.989,25.206999999999997,-6.217999999999996
1358,2014-04-07,18.491,25.739,-7.248000000000001
1359,2014-05-07,19.986,27.724,-7.7379999999999995
1360,2014-06-07,32.756,40.51,-7.753999999999998
1361,2014-07-07,43.485,43.297,0.1880000000000024
1362,2014-08-07,46.784,40.397,6.3870000000000005
1363,2014-09-07,44.055,37.084,6.9709999999999965
1364,2014-10-07,43.153,39.897,3.2560000000000002
1365,2014-11-07,42.488,41.968,0.519999999999996
1366,2014-12-07,40.209,38.368,1.841000000000001
1367,2014-07-13,38.097,32.665,5.432000000000002
1368,2014-07-14,34.75,34.236999999999995,0.5130000000000052
1369,2014-07-15,37.954,38.347,-0.3930000000000007
1370,2014-07-16,37.48,46.276,-8.796000000000006
1371,2014-07-17,32.329,48.464,-16.134999999999998
1372,2014-07-18,23.38,30.975,-7.595000000000002
1373,2014-07-19,21.125,23.45,-2.3249999999999993
1374,2014-07-20,21.291,23.576999999999998,-2.285999999999998
1375,2014-07-21,21.861,26.671,-4.809999999999999
1376,2014-07-22,23.048000000000002,40.378,-17.33
1377,2014-07-23,22.383000000000003,45.106,-22.723
1378,2014-07-24,19.582,39.416,-19.833999999999996
1379,2014-07-25,17.897000000000002,28.226,-10.328999999999997
1380,2014-07-26,17.992,24.771,-6.779
1381,2014-07-27,16.425,22.958000000000002,-6.533000000000001
1382,2014-07-28,15.452,21.283,-5.831000000000001
1383,2014-07-29,14.289000000000001,20.711,-6.421999999999997
1384,2014-07-30,14.978,19.718,-4.74
1385,2014-07-31,20.531999999999996,20.874000000000002,-0.34200000000000585
1386,2014-01-08,19.654,22.531999999999996,-2.8779999999999966
1387,2014-02-08,16.639,21.365,-4.725999999999999
1388,2014-03-08,17.209,20.764,-3.5549999999999997
1389,2014-04-08,23.713,22.698,1.0150000000000006
1390,2014-05-08,30.454,27.863000000000003,2.5909999999999975
1391,2014-06-08,24.425,28.384,-3.9589999999999996
1392,2014-07-08,26.205,28.471999999999998,-2.2669999999999995
1393,2014-08-08,18.229,25.651,-7.422000000000001
1394,2014-09-08,12.533,21.715,-9.182
1395,2014-10-08,11.322000000000001,19.122,-7.799999999999999
1396,2014-11-08,11.227,18.217,-6.989999999999998
1397,2014-12-08,11.749,18.305,-6.555999999999999
1398,2014-08-13,10.395999999999999,19.808,-9.412
1399,2014-08-14,9.661,19.599,-9.938
1400,2014-08-15,8.877,17.451,-8.574
1401,2014-08-16,8.189,15.123,-6.933999999999999
1402,2014-08-17,6.765,12.429,-5.664000000000001
1403,2014-08-18,5.436,10.112,-4.676
1404,2014-08-19,7.026,10.606,-3.58
1405,2014-08-20,7.24,12.020999999999999,-4.780999999999999
1406,2014-08-21,7.0729999999999995,12.559000000000001,-5.4860000000000015
1407,2014-08-22,6.456,12.077,-5.6209999999999996
1408,2014-08-23,6.029,11.922,-5.893000000000001
1409,2014-08-24,5.8389999999999995,12.432,-6.593000000000001
1410,2014-08-25,5.317,12.276,-6.959
1411,2014-08-26,5.103,11.254000000000001,-6.151000000000002
1412,2014-08-27,4.771,10.249,-5.478000000000001
1413,2014-08-28,4.32,9.061,-4.741
1414,2014-08-29,3.9160000000000004,7.857,-3.941
1415,2014-08-30,3.5839999999999996,8.023,-4.439
1416,2014-08-31,3.655,8.373,-4.718
1417,2014-01-09,3.8689999999999998,8.283999999999999,-4.414999999999999
1418,2014-02-09,4.13,8.888,-4.758
1419,2014-03-09,7.832999999999999,12.034,-4.201000000000001
1420,2014-04-09,9.874,15.116,-5.241999999999999
1421,2014-05-09,9.874,16.611,-6.737
1422,2014-06-09,8.83,17.282,-8.452
1423,2014-07-09,7.311,16.096,-8.785
1424,2014-08-09,7.026,14.913,-7.8870000000000005
1425,2014-09-09,6.86,14.753,-7.893
1426,2014-10-09,6.385,14.179,-7.7940000000000005
1427,2014-11-09,6.931,13.890999999999998,-6.959999999999998
1428,2014-12-09,7.572,14.526,-6.954
1429,2014-09-13,5.934,13.020999999999999,-7.086999999999999
1430,2014-09-14,5.577999999999999,11.956,-6.378
1431,2014-09-15,4.439,10.819,-6.380000000000001
1432,2014-09-16,3.56,8.591000000000001,-5.031000000000001
1433,2014-09-17,3.0860000000000003,7.688,-4.601999999999999
1434,2014-09-18,2.825,7.0360000000000005,-4.211
1435,2014-09-19,2.682,6.426,-3.744
1436,2014-09-20,3.347,7.968999999999999,-4.622
1437,2014-09-21,6.029,12.565999999999999,-6.536999999999999
1438,2014-09-22,5.032,12.838,-7.805999999999999
1439,2014-09-23,3.822,8.931000000000001,-5.109000000000001
1440,2014-09-24,2.8960000000000004,6.127000000000001,-3.2310000000000003
1441,2014-09-25,2.231,4.19,-1.9590000000000005
1442,2014-09-26,6.385,3.359,3.026
1443,2014-09-27,19.867,7.071000000000001,12.796
1444,2014-09-28,16.164,10.109,6.0550000000000015
1445,2014-09-29,17.47,10.544,6.925999999999998
1446,2014-09-30,12.936,10.014,2.9220000000000006
1447,2014-01-10,8.474,7.367000000000001,1.1069999999999993
1448,2014-02-10,7.7139999999999995,7.474,0.23999999999999932
1449,2014-03-10,7.7379999999999995,8.607000000000001,-0.8690000000000015
1450,2014-04-10,6.409,8.077,-1.6680000000000001
1451,2014-05-10,8.759,7.957999999999999,0.801000000000001
1452,2014-06-10,11.345999999999998,8.846,2.4999999999999982
1453,2014-07-10,8.283999999999999,8.12,0.1639999999999997
1454,2014-08-10,5.625,5.898,-0.2729999999999997
1455,2014-09-10,4.035,4.12,-0.08499999999999996
1456,2014-10-10,3.015,3.2910000000000004,-0.27600000000000025
1457,2014-11-10,2.374,2.721,-0.347
1458,2014-12-10,1.923,2.245,-0.32200000000000006
1459,2014-10-13,1.662,1.847,-0.18500000000000005
1460,2014-10-14,1.4,1.5130000000000001,-0.11300000000000021
1461,2014-10-15,1.187,1.2329999999999999,-0.04599999999999982
1462,2014-10-16,1.021,0.993,0.027999999999999914
1463,2014-10-17,0.9259999999999999,0.878,0.04799999999999993
1464,2014-10-18,0.807,0.782,0.025000000000000022
1465,2014-10-19,0.76,0.696,0.06400000000000006
1466,2014-10-20,0.665,0.624,0.041000000000000036
1467,2014-10-21,0.522,0.563,-0.040999999999999925
1468,2014-10-22,0.475,0.508,-0.03300000000000003
1469,2014-10-23,0.475,0.48,-0.0050000000000000044
1470,2014-10-24,0.546,0.473,0.07300000000000006
1471,2014-10-25,0.617,0.6890000000000001,-0.07200000000000006
1472,2014-10-26,0.6409999999999999,1.0979999999999999,-0.45699999999999996
1473,2014-10-27,0.9490000000000001,1.435,-0.486
1474,2014-10-28,1.1159999999999999,1.555,-0.43900000000000006
1475,2014-10-29,1.305,1.565,-0.26
1476,2014-10-30,1.59,1.69,-0.09999999999999987
1477,2014-10-31,1.5190000000000001,1.7169999999999999,-0.19799999999999973
1478,2014-01-11,1.2109999999999999,1.496,-0.28500000000000014
1479,2014-02-11,1.092,1.2690000000000001,-0.17700000000000005
1480,2014-03-11,1.662,1.193,0.46899999999999986
1481,2014-04-11,2.113,1.173,0.94
1482,2014-05-11,1.685,1.056,0.629
1483,2014-06-11,1.4,0.863,0.5369999999999999
1484,2014-07-11,1.2109999999999999,0.775,0.43599999999999983
1485,2014-08-11,1.044,0.6990000000000001,0.345
1486,2014-09-11,0.9259999999999999,0.633,0.2929999999999999
1487,2014-10-11,0.973,0.61,0.363
1488,2014-11-11,1.092,0.6709999999999999,0.42100000000000015
1489,2014-12-11,0.9490000000000001,0.669,0.28
1490,2014-11-13,0.855,0.618,0.237
1491,2014-11-14,0.76,0.5579999999999999,0.20200000000000007
1492,2014-11-15,0.736,0.509,0.22699999999999998
1493,2014-11-16,0.617,0.5579999999999999,0.05900000000000005
1494,2014-11-17,0.593,0.85,-0.257
1495,2014-11-18,0.498,1.058,-0.56
1496,2014-11-19,0.475,0.943,-0.46799999999999997
1497,2014-11-20,0.475,0.743,-0.268
1498,2014-11-21,0.475,0.655,-0.18000000000000005
1499,2014-11-22,0.475,0.659,-0.18400000000000005
1500,2014-11-23,0.475,0.64,-0.16500000000000004
1501,2014-11-24,0.475,0.627,-0.15200000000000002
1502,2014-11-25,0.475,0.634,-0.15900000000000003
1503,2014-11-26,0.6409999999999999,0.698,-0.05700000000000005
1504,2014-11-27,0.617,0.753,-0.136
1505,2014-11-28,0.617,0.706,-0.08899999999999997
1506,2014-11-29,0.522,0.695,-0.17299999999999993
1507,2014-11-30,0.475,0.659,-0.18400000000000005
1508,2014-01-12,0.475,0.597,-0.122
1509,2014-02-12,0.451,0.55,-0.09900000000000003
1510,2014-03-12,0.7120000000000001,0.653,0.05900000000000005
1511,2014-04-12,0.76,0.845,-0.08499999999999996
1512,2014-05-12,0.9259999999999999,0.982,-0.05600000000000005
1513,2014-06-12,1.044,1.054,-0.010000000000000009
1514,2014-07-12,1.234,1.308,-0.07400000000000007
1515,2014-08-12,1.139,1.465,-0.32600000000000007
1516,2014-09-12,1.1159999999999999,1.365,-0.2490000000000001
1517,2014-10-12,1.068,1.216,-0.1479999999999999
1518,2014-11-12,0.9490000000000001,1.0490000000000002,-0.10000000000000009
1519,2014-12-12,0.831,0.8909999999999999,-0.05999999999999994
1520,2014-12-13,0.7120000000000001,0.79,-0.07799999999999996
1521,2014-12-14,0.617,0.7290000000000001,-0.1120000000000001
1522,2014-12-15,0.546,0.6759999999999999,-0.1299999999999999
1523,2014-12-16,0.498,0.625,-0.127
1524,2014-12-17,0.617,0.703,-0.08599999999999997
1525,2014-12-18,0.498,0.721,-0.22299999999999998
1526,2014-12-19,0.475,0.657,-0.18200000000000005
1527,2014-12-20,0.475,0.6509999999999999,-0.17599999999999993
1528,2014-12-21,0.546,0.682,-0.136
1529,2014-12-22,0.593,0.6679999999999999,-0.07499999999999996
1530,2014-12-23,0.498,0.637,-0.139
1531,2014-12-24,0.38,0.638,-0.258
1532,2014-12-25,0.42700000000000005,0.634,-0.20699999999999996
1533,2014-12-26,0.593,0.6659999999999999,-0.07299999999999995
1534,2014-12-27,0.665,0.674,-0.009000000000000008
1535,2014-12-28,0.688,0.647,0.040999999999999925
1536,2014-12-29,0.688,0.624,0.06399999999999995
1537,2014-12-30,0.9490000000000001,0.743,0.20600000000000007
1538,2014-12-31,1.3530000000000002,1.124,0.2290000000000001
1539,2015-01-01,2.0180000000000002,1.824,0.19400000000000017
1540,2015-02-01,2.7769999999999997,2.197,0.5799999999999996
1541,2015-03-01,3.181,2.036,1.145
1542,2015-04-01,3.0380000000000003,1.828,1.2100000000000002
1543,2015-05-01,2.8480000000000003,1.768,1.0800000000000003
1544,2015-06-01,2.255,1.706,0.5489999999999999
1545,2015-07-01,1.994,1.521,0.4730000000000001
1546,2015-08-01,1.899,1.3359999999999999,0.5630000000000002
1547,2015-09-01,1.472,1.204,0.268
1548,2015-10-01,1.305,1.079,0.22599999999999998
1549,2015-11-01,1.2819999999999998,1.001,0.2809999999999999
1550,2015-12-01,1.092,0.919,0.17300000000000004
1551,2015-01-13,0.973,0.853,0.12
1552,2015-01-14,1.305,0.805,0.4999999999999999
1553,2015-01-15,1.258,0.7609999999999999,0.4970000000000001
1554,2015-01-16,0.997,0.728,0.269
1555,2015-01-17,0.831,0.6970000000000001,0.1339999999999999
1556,2015-01-18,0.76,0.664,0.09599999999999997
1557,2015-01-19,0.736,0.625,0.11099999999999999
1558,2015-01-20,0.76,0.5710000000000001,0.18899999999999995
1559,2015-01-21,0.546,0.519,0.027000000000000024
1560,2015-01-22,0.475,0.47,0.0050000000000000044
1561,2015-01-23,0.451,0.42700000000000005,0.023999999999999966
1562,2015-01-24,0.38,0.38799999999999996,-0.007999999999999952
1563,2015-01-25,0.38,0.371,0.009000000000000008
1564,2015-01-26,0.617,0.414,0.203
1565,2015-01-27,0.76,0.55,0.20999999999999996
1566,2015-01-28,0.7829999999999999,0.7070000000000001,0.07599999999999985
1567,2015-01-29,0.7829999999999999,0.722,0.06099999999999994
1568,2015-01-30,0.6409999999999999,0.6940000000000001,-0.05300000000000016
1569,2015-01-31,0.76,0.6409999999999999,0.1190000000000001
1570,2015-01-02,0.76,0.588,0.17200000000000004
1571,2015-02-02,0.76,0.5710000000000001,0.18899999999999995
1572,2015-03-02,0.76,0.5710000000000001,0.18899999999999995
1573,2015-04-02,0.522,0.536,-0.014000000000000012
1574,2015-05-02,0.42700000000000005,0.49200000000000005,-0.065
1575,2015-06-02,0.593,0.517,0.07599999999999996
1576,2015-07-02,1.092,0.687,0.405
1577,2015-08-02,1.994,0.8959999999999999,1.098
1578,2015-09-02,2.682,1.094,1.5879999999999999
1579,2015-10-02,3.845,1.578,2.2670000000000003
1580,2015-11-02,4.273,2.088,2.1849999999999996
1581,2015-12-02,4.178,2.376,1.802
1582,2015-02-13,3.489,2.369,1.1199999999999997
1583,2015-02-14,2.73,2.061,0.669
1584,2015-02-15,2.0180000000000002,1.7269999999999999,0.29100000000000037
1585,2015-02-16,1.614,1.425,0.18900000000000006
1586,2015-02-17,1.3530000000000002,1.169,0.18400000000000016
1587,2015-02-18,1.495,1.085,0.41000000000000014
1588,2015-02-19,1.495,1.162,0.3330000000000002
1589,2015-02-20,1.875,1.39,0.4850000000000001
1590,2015-02-21,1.994,1.5959999999999999,0.39800000000000013
1591,2015-02-22,1.994,1.5390000000000001,0.45499999999999985
1592,2015-02-23,1.946,1.409,0.5369999999999999
1593,2015-02-24,1.3769999999999998,1.345,0.031999999999999806
1594,2015-02-25,1.305,1.224,0.08099999999999996
1595,2015-02-26,1.092,1.023,0.06900000000000017
1596,2015-02-27,0.9259999999999999,0.937,-0.01100000000000012
1597,2015-02-28,0.9490000000000001,0.8959999999999999,0.05300000000000016
1598,2015-01-03,0.9490000000000001,0.8440000000000001,0.10499999999999998
1599,2015-02-03,0.807,0.8320000000000001,-0.025000000000000022
1600,2015-03-03,0.76,0.825,-0.06499999999999995
1601,2015-04-03,0.76,0.774,-0.014000000000000012
1602,2015-05-03,0.7120000000000001,0.705,0.007000000000000117
1603,2015-06-03,0.76,0.6970000000000001,0.06299999999999994
1604,2015-07-03,1.044,0.736,0.30800000000000005
1605,2015-08-03,1.4480000000000002,0.9640000000000001,0.4840000000000001
1606,2015-09-03,2.0180000000000002,1.247,0.7710000000000001
1607,2015-10-03,1.994,1.275,0.7190000000000001
1608,2015-11-03,1.733,1.146,0.5870000000000002
1609,2015-12-03,1.6380000000000001,0.9840000000000001,0.654
1610,2015-03-13,1.5190000000000001,0.878,0.6410000000000001
1611,2015-03-14,1.3769999999999998,0.8540000000000001,0.5229999999999997
1612,2015-03-15,1.305,0.802,0.5029999999999999
1613,2015-03-16,1.044,0.7340000000000001,0.30999999999999994
1614,2015-03-17,0.831,0.6709999999999999,0.16000000000000003
1615,2015-03-18,0.76,0.61,0.15000000000000002
1616,2015-03-19,1.092,0.6459999999999999,0.4460000000000002
1617,2015-03-20,1.2819999999999998,0.73,0.5519999999999998
1618,2015-03-21,0.997,0.769,0.22799999999999998
1619,2015-03-22,1.234,0.795,0.43899999999999995
1620,2015-03-23,1.305,0.8240000000000001,0.48099999999999987
1621,2015-03-24,0.9259999999999999,0.789,0.1369999999999999
1622,2015-03-25,0.7829999999999999,0.735,0.04799999999999993
1623,2015-03-26,0.76,0.6709999999999999,0.08900000000000008
1624,2015-03-27,0.76,0.652,0.10799999999999998
1625,2015-03-28,0.736,0.64,0.09599999999999997
1626,2015-03-29,0.76,0.594,0.16600000000000004
1627,2015-03-30,0.546,0.5429999999999999,0.0030000000000001137
1628,2015-03-31,0.475,0.508,-0.03300000000000003
1629,2015-01-04,0.42700000000000005,0.483,-0.05599999999999994
1630,2015-02-04,0.475,0.495,-0.020000000000000018
1631,2015-03-04,0.475,0.531,-0.05600000000000005
1632,2015-04-04,0.40399999999999997,0.5379999999999999,-0.13399999999999995
1633,2015-05-04,0.38,0.511,-0.131
1634,2015-06-04,0.38,0.498,-0.118
1635,2015-07-04,0.42700000000000005,0.643,-0.21599999999999997
1636,2015-08-04,0.736,0.9,-0.16400000000000003
1637,2015-09-04,1.234,1.1640000000000001,0.06999999999999984
1638,2015-10-04,1.59,1.354,0.236
1639,2015-11-04,2.302,1.341,0.9610000000000001
1640,2015-12-04,3.181,1.171,2.01
1641,2015-04-13,2.7769999999999997,1.168,1.6089999999999998
1642,2015-04-14,1.709,1.286,0.42300000000000004
1643,2015-04-15,1.3769999999999998,1.284,0.09299999999999975
1644,2015-04-16,1.139,1.176,-0.03699999999999992
1645,2015-04-17,0.7829999999999999,0.993,-0.21000000000000008
1646,2015-04-18,0.7120000000000001,0.8440000000000001,-0.132
1647,2015-04-19,0.475,0.82,-0.345
1648,2015-04-20,0.522,0.79,-0.268
1649,2015-04-21,0.40399999999999997,0.735,-0.331
1650,2015-04-22,0.522,0.779,-0.257
1651,2015-04-23,0.76,0.873,-0.11299999999999999
1652,2015-04-24,0.688,0.883,-0.19500000000000006
1653,2015-04-25,0.665,0.79,-0.125
1654,2015-04-26,0.6409999999999999,0.754,-0.1130000000000001
1655,2015-04-27,0.42700000000000005,0.732,-0.30499999999999994
1656,2015-04-28,0.475,0.7020000000000001,-0.2270000000000001
1657,2015-04-29,0.475,0.6659999999999999,-0.19099999999999995
1658,2015-04-30,0.475,0.616,-0.14100000000000001
1659,2015-01-05,0.40399999999999997,0.56,-0.15600000000000008
1660,2015-02-05,0.38,0.516,-0.136
1661,2015-03-05,0.38,0.47700000000000004,-0.09700000000000003
1662,2015-04-05,0.38,0.434,-0.05399999999999999
1663,2015-05-05,0.38,0.395,-0.015000000000000013
1664,2015-06-05,0.38,0.37,0.010000000000000009
1665,2015-07-05,0.38,0.5720000000000001,-0.19200000000000006
1666,2015-08-05,0.475,0.8170000000000001,-0.3420000000000001
1667,2015-09-05,0.736,0.843,-0.10699999999999998
1668,2015-10-05,0.76,0.764,-0.0040000000000000036
1669,2015-11-05,0.76,0.7090000000000001,0.050999999999999934
1670,2015-12-05,0.76,0.722,0.038000000000000034
1671,2015-05-13,0.9490000000000001,0.875,0.07400000000000007
1672,2015-05-14,1.329,0.951,0.378
1673,2015-05-15,1.305,0.8640000000000001,0.44099999999999984
1674,2015-05-16,1.305,0.763,0.5419999999999999
1675,2015-05-17,1.305,0.708,0.597
1676,2015-05-18,1.305,0.6559999999999999,0.649
1677,2015-05-19,1.305,0.628,0.6769999999999999
1678,2015-05-20,1.305,0.662,0.6429999999999999
1679,2015-05-21,1.305,0.728,0.577
1680,2015-05-22,1.6380000000000001,0.78,0.8580000000000001
1681,2015-05-23,1.994,0.7959999999999999,1.198
1682,2015-05-24,1.994,0.8079999999999999,1.186
1683,2015-05-25,1.994,0.782,1.212
1684,2015-05-26,1.994,0.8959999999999999,1.098
1685,2015-05-27,2.065,1.294,0.7709999999999999
1686,2015-05-28,2.611,1.5590000000000002,1.052
1687,2015-05-29,3.133,1.557,1.576
1688,2015-05-30,3.608,1.8619999999999999,1.7460000000000002
1689,2015-05-31,4.747,2.488,2.259
1690,2015-01-06,5.982,3.01,2.9720000000000004
1691,2015-02-06,7.667000000000001,3.775,3.892000000000001
1692,2015-03-06,8.426,4.8580000000000005,3.5679999999999996
1693,2015-04-06,8.118,5.033,3.085
1694,2015-05-06,7.596,4.257,3.3390000000000004
1695,2015-06-06,6.456,3.615,2.841
1696,2015-07-06,5.553999999999999,3.5439999999999996,2.01
1697,2015-08-06,5.412000000000001,3.365,2.0470000000000006
1698,2015-09-06,5.459,3.028,2.4309999999999996
1699,2015-10-06,7.785,4.2139999999999995,3.5710000000000006
1700,2015-11-06,9.162,5.499,3.663000000000001
1701,2015-12-06,8.498,4.477,4.020999999999999
1702,2015-06-13,7.026,3.667,3.359
1703,2015-06-14,6.053,3.219,2.834
1704,2015-06-15,5.553999999999999,2.865,2.688999999999999
1705,2015-06-16,5.459,2.696,2.7629999999999995
1706,2015-06-17,4.534,2.533,2.001
1707,2015-06-18,4.273,2.596,1.6769999999999996
1708,2015-06-19,4.652,3.201,1.451
1709,2015-06-20,5.507000000000001,3.674,1.8330000000000006
1710,2015-06-21,5.697,4.2010000000000005,1.4959999999999996
1711,2015-06-22,7.097,5.819,1.2780000000000005
1712,2015-06-23,9.257,9.312000000000001,-0.05500000000000149
1713,2015-06-24,12.343,13.132,-0.7889999999999997
1714,2015-06-25,15.357000000000001,15.488,-0.13099999999999845
1715,2015-06-26,17.684,16.144000000000002,1.5399999999999991
1716,2015-06-27,18.562,14.540999999999999,4.021000000000003
1717,2015-06-28,17.160999999999998,11.931,5.229999999999999
1718,2015-06-29,16.212,10.205,6.007
1719,2015-06-30,14.788,9.802,4.986000000000001
1720,2015-01-07,13.648,9.66,3.9879999999999995
1721,2015-02-07,15.902999999999999,13.232000000000001,2.6709999999999976
1722,2015-03-07,29.552,19.965,9.587
1723,2015-04-07,47.022,34.075,12.946999999999996
1724,2015-05-07,40.067,29.965999999999998,10.101000000000003
1725,2015-06-07,29.219,23.729,5.490000000000002
1726,2015-07-07,24.33,24.579,-0.24900000000000233
1727,2015-08-07,23.499000000000002,24.814,-1.3149999999999977
1728,2015-09-07,22.478,22.897,-0.41899999999999693
1729,2015-10-07,22.549,22.046,0.5030000000000001
1730,2015-11-07,23.024,22.779,0.245000000000001
1731,2015-12-07,23.974,23.244,0.7300000000000004
1732,2015-07-13,24.069000000000003,24.541,-0.47199999999999775
1733,2015-07-14,24.281999999999996,30.373,-6.091000000000005
1734,2015-07-15,23.665,26.758000000000003,-3.0930000000000035
1735,2015-07-16,22.026999999999997,23.515,-1.488000000000003
1736,2015-07-17,20.152,21.678,-1.5259999999999998
1737,2015-07-18,19.701,19.557000000000002,0.14399999999999835
1738,2015-07-19,23.143,20.45,2.6930000000000014
1739,2015-07-20,20.413,20.267,0.1460000000000008
1740,2015-07-21,16.971,16.967,0.004000000000001336
1741,2015-07-22,16.592,17.134,-0.5420000000000016
1742,2015-07-23,18.206,21.288,-3.0820000000000007
1743,2015-07-24,19.654,23.203000000000003,-3.549000000000003
1744,2015-07-25,23.355999999999998,24.307,-0.9510000000000005
1745,2015-07-26,22.311999999999998,24.353,-2.041000000000004
1746,2015-07-27,30.169,24.344,5.824999999999999
1747,2015-07-28,37.551,25.964000000000002,11.587
1748,2015-07-29,32.495,28.373,4.121999999999996
1749,2015-07-30,33.967,29.899,4.067999999999998
1750,2015-07-31,34.774,32.969,1.8049999999999997
1751,2015-01-08,26.134,26.616999999999997,-0.482999999999997
1752,2015-02-08,21.315,21.475,-0.16000000000000014
1753,2015-03-08,20.033,19.882,0.1509999999999998
1754,2015-04-08,18.609,19.732,-1.1229999999999976
1755,2015-05-08,22.004,22.679000000000002,-0.6750000000000007
1756,2015-06-08,30.098000000000003,29.236,0.8620000000000019
1757,2015-07-08,25.113000000000003,28.014,-2.9009999999999962
1758,2015-08-08,23.19,29.709,-6.518999999999998
1759,2015-09-08,19.962,28.304000000000002,-8.342000000000002
1760,2015-10-08,18.04,25.467,-7.427
1761,2015-11-08,18.633,25.578000000000003,-6.945000000000004
1762,2015-12-08,28.033,32.564,-4.530999999999999
1763,2015-08-13,24.781,28.765,-3.9840000000000018
1764,2015-08-14,20.01,25.069000000000003,-5.059000000000001
1765,2015-08-15,17.612000000000002,24.017,-6.404999999999998
1766,2015-08-16,22.573,23.884,-1.311
1767,2015-08-17,23.355999999999998,24.189,-0.833000000000002
1768,2015-08-18,19.772000000000002,24.959,-5.186999999999998
1769,2015-08-19,17.517,27.5,-9.983
1770,2015-08-20,16.924,30.631,-13.707
1771,2015-08-21,16.52,30.605999999999998,-14.085999999999999
1772,2015-08-22,15.737,33.101,-17.363999999999997
1773,2015-08-23,15.595,30.517,-14.921999999999999
1774,2015-08-24,15.832,32.528,-16.695999999999998
1775,2015-08-25,16.402,31.463,-15.061
1776,2015-08-26,16.022000000000002,27.458000000000002,-11.436
1777,2015-08-27,20.437,26.15,-5.712999999999997
1778,2015-08-28,34.299,25.366999999999997,8.932000000000002
1779,2015-08-29,34.536,25.43,9.106000000000002
1780,2015-08-30,27.225,29.78,-2.5549999999999997
1781,2015-08-31,22.026999999999997,30.195,-8.168000000000003
1782,2015-01-09,16.164,24.268,-8.104
1783,2015-02-09,11.417,18.973,-7.555999999999999
1784,2015-03-09,8.45,14.892000000000001,-6.442000000000002
1785,2015-04-09,6.812,12.085,-5.273000000000001
1786,2015-05-09,5.91,9.871,-3.9610000000000003
1787,2015-06-09,6.7410000000000005,9.304,-2.5629999999999997
1788,2015-07-09,6.433,8.392000000000001,-1.9590000000000014
1789,2015-08-09,5.744,6.903,-1.1589999999999998
1790,2015-09-09,5.553999999999999,6.861000000000001,-1.3070000000000013
1791,2015-10-09,5.388,8.236,-2.8480000000000008
1792,2015-11-09,5.103,11.748,-6.645
1793,2015-12-09,5.459,16.209,-10.75
1794,2015-09-13,6.385,17.611,-11.226
1795,2015-09-14,9.067,16.323,-7.256
1796,2015-09-15,12.011,15.029000000000002,-3.0180000000000025
1797,2015-09-16,12.556,14.784,-2.2280000000000015
1798,2015-09-17,12.272,15.128,-2.856
1799,2015-09-18,13.552999999999999,15.432,-1.8790000000000013
1800,2015-09-19,17.873,16.597,1.2759999999999998
1801,2015-09-20,24.448,23.133000000000003,1.3149999999999977
1802,2015-09-21,16.924,25.003,-8.079
1803,2015-09-22,11.892000000000001,20.595,-8.702999999999998
1804,2015-09-23,8.782,17.178,-8.396
1805,2015-09-24,7.145,14.904000000000002,-7.759000000000002
1806,2015-09-25,7.428999999999999,14.722000000000001,-7.293000000000002
1807,2015-09-26,9.328,15.682,-6.354000000000001
1808,2015-09-27,13.126,18.253,-5.127000000000001
1809,2015-09-28,10.847000000000001,18.56,-7.712999999999997
1810,2015-09-29,9.637,16.361,-6.724
1811,2015-09-30,13.505999999999998,17.33,-3.824
1812,2015-01-10,17.304000000000002,18.6,-1.2959999999999994
1813,2015-02-10,24.258000000000003,17.801,6.457000000000004
1814,2015-03-10,19.012999999999998,15.029000000000002,3.9839999999999964
1815,2015-04-10,12.77,11.234000000000002,1.5359999999999978
1816,2015-05-10,8.593,8.24,0.35299999999999976
1817,2015-06-10,6.148,5.809,0.3389999999999995
1818,2015-07-10,4.652,4.109,0.5430000000000001
1819,2015-08-10,3.798,3.492,0.30600000000000005
1820,2015-09-10,3.133,3.116,0.016999999999999904
1821,2015-10-10,2.5869999999999997,2.699,-0.1120000000000001
1822,2015-11-10,2.255,3.215,-0.96
1823,2015-12-10,2.7769999999999997,5.29,-2.5130000000000003
1824,2015-10-13,3.75,6.735,-2.9850000000000003
1825,2015-10-14,4.367,7.91,-3.543
1826,2015-10-15,10.325,9.595,0.7299999999999986
1827,2015-10-16,14.408,11.23,3.177999999999999
1828,2015-10-17,12.224,11.565999999999999,0.6580000000000013
1829,2015-10-18,9.637,11.258,-1.6209999999999987
1830,2015-10-19,7.501,10.101,-2.6000000000000005
1831,2015-10-20,5.792000000000001,7.89,-2.097999999999999
1832,2015-10-21,5.507000000000001,6.599,-1.0919999999999996
1833,2015-10-22,5.103,6.067,-0.9640000000000004
1834,2015-10-23,5.507000000000001,7.67,-2.1629999999999994
1835,2015-10-24,5.72,8.255,-2.535000000000001
1836,2015-10-25,7.026,8.318999999999999,-1.2929999999999993
1837,2015-10-26,6.812,7.917999999999999,-1.105999999999999
1838,2015-10-27,5.151,5.8629999999999995,-0.7119999999999997
1839,2015-10-28,4.059,4.23,-0.17100000000000026
1840,2015-10-29,3.133,3.3569999999999998,-0.22399999999999975
1841,2015-10-30,2.445,2.7939999999999996,-0.34899999999999975
1842,2015-10-31,2.184,2.406,-0.22199999999999998
1843,2015-01-11,7.643,5.869,1.774
1844,2015-02-11,10.017000000000001,9.756,0.261000000000001
1845,2015-03-11,11.56,9.567,1.9930000000000003
1846,2015-04-11,12.745999999999999,10.725,2.020999999999999
1847,2015-05-11,9.613,10.164,-0.5510000000000002
1848,2015-06-11,6.86,7.513999999999999,-0.653999999999999
1849,2015-07-11,5.056,6.707000000000001,-1.6510000000000007
1850,2015-08-11,4.2010000000000005,6.343,-2.1419999999999995
1851,2015-09-11,3.299,4.978,-1.6789999999999998
1852,2015-10-11,3.181,3.8989999999999996,-0.7179999999999995
1853,2015-11-11,2.753,3.3939999999999997,-0.6409999999999996
1854,2015-12-11,2.136,2.967,-0.831
1855,2015-11-13,1.994,2.542,-0.5479999999999998
1856,2015-11-14,1.851,2.164,-0.31300000000000017
1857,2015-11-15,1.4240000000000002,1.841,-0.4169999999999998
1858,2015-11-16,1.305,1.5330000000000001,-0.2280000000000002
1859,2015-11-17,1.305,1.307,-0.0020000000000000018
1860,2015-11-18,1.2819999999999998,1.11,0.1719999999999997
1861,2015-11-19,0.9259999999999999,1.018,-0.09200000000000008
1862,2015-11-20,0.9259999999999999,0.9640000000000001,-0.038000000000000145
1863,2015-11-21,0.878,0.9309999999999999,-0.052999999999999936
1864,2015-11-22,0.76,0.885,-0.125
1865,2015-11-23,0.76,0.8190000000000001,-0.05900000000000005
1866,2015-11-24,0.76,0.76,0.0
1867,2015-11-25,0.76,0.6970000000000001,0.06299999999999994
1868,2015-11-26,1.021,0.682,0.33899999999999986
1869,2015-11-27,1.472,0.847,0.625
1870,2015-11-28,1.5190000000000001,1.082,0.43700000000000006
1871,2015-11-29,1.4240000000000002,1.117,0.30700000000000016
1872,2015-11-30,1.305,0.97,0.33499999999999996
1873,2015-01-12,1.3530000000000002,0.825,0.5280000000000002
1874,2015-02-12,1.329,0.9990000000000001,0.32999999999999985
1875,2015-03-12,1.305,1.138,0.16700000000000004
1876,2015-04-12,1.567,1.179,0.3879999999999999
1877,2015-05-12,1.472,1.193,0.2789999999999999
1878,2015-06-12,1.875,1.225,0.6499999999999999
1879,2015-07-12,1.923,1.327,0.5960000000000001
1880,2015-08-12,1.994,1.337,0.657
1881,2015-09-12,1.994,1.3230000000000002,0.6709999999999998
1882,2015-10-12,1.733,1.319,0.41400000000000015
1883,2015-11-12,1.59,1.273,0.31700000000000017
1884,2015-12-12,1.662,1.255,0.40700000000000003
1885,2015-12-13,1.305,1.175,0.1299999999999999
1886,2015-12-14,1.258,1.033,0.2250000000000001
1887,2015-12-15,1.044,0.9790000000000001,0.06499999999999995
1888,2015-12-16,1.1159999999999999,1.003,0.11299999999999999
1889,2015-12-17,0.878,0.963,-0.08499999999999996
1890,2015-12-18,0.855,0.9109999999999999,-0.05599999999999994
1891,2015-12-19,0.9259999999999999,1.013,-0.08699999999999997
1892,2015-12-20,1.2109999999999999,1.156,0.05499999999999994
1893,2015-12-21,1.3530000000000002,1.429,-0.07599999999999985
1894,2015-12-22,1.3530000000000002,1.65,-0.2969999999999997
1895,2015-12-23,1.305,1.508,-0.20300000000000007
1896,2015-12-24,1.3769999999999998,1.431,-0.05400000000000027
1897,2015-12-25,1.5430000000000001,1.485,0.05800000000000005
1898,2015-12-26,1.78,1.527,0.2530000000000001
1899,2015-12-27,1.875,1.5419999999999998,0.3330000000000002
1900,2015-12-28,1.59,1.449,0.14100000000000001
1901,2015-12-29,1.258,1.262,-0.0040000000000000036
1902,2015-12-30,1.044,1.0490000000000002,-0.0050000000000001155
1903,2015-12-31,0.9490000000000001,0.948,0.001000000000000112
