,DATE,OBSRUNOFF,SIMRUNOFF,RESIDUAL
0,2009-03-24,0.785,0.003,0.782
1,2009-03-25,0.785,0.006,0.779
2,2009-03-26,0.655,0.033,0.622
3,2009-03-27,0.524,0.054000000000000006,0.47000000000000003
4,2009-03-28,0.524,0.042,0.48200000000000004
5,2009-03-29,0.524,0.040999999999999995,0.48300000000000004
6,2009-03-30,0.524,0.052000000000000005,0.47200000000000003
7,2009-03-31,1.702,0.121,1.581
8,2009-01-04,4.713,1.133,3.58
9,2009-02-04,3.273,3.557,-0.2839999999999998
10,2009-03-04,3.011,6.263,-3.252
11,2009-04-04,2.88,7.785,-4.905
12,2009-05-04,3.927,12.468,-8.541
13,2009-06-04,4.713,11.504000000000001,-6.791000000000001
14,2009-07-04,4.189,6.357,-2.168
15,2009-08-04,6.807,6.001,0.806
16,2009-09-04,5.891,7.138999999999999,-1.2479999999999993
17,2009-10-04,11.782,7.479,4.303
18,2009-11-04,26.836,10.567,16.269
19,2009-12-04,28.276,16.235,12.041
20,2009-04-13,12.698,15.584000000000001,-2.886000000000001
21,2009-04-14,6.807,12.345,-5.538
22,2009-04-15,5.76,12.187000000000001,-6.427000000000001
23,2009-04-16,6.938,13.66,-6.722
24,2009-04-17,6.415,12.674000000000001,-6.259000000000001
25,2009-04-18,5.367000000000001,10.616,-5.248999999999999
26,2009-04-19,4.843999999999999,12.142000000000001,-7.298000000000002
27,2009-04-20,4.843999999999999,11.584000000000001,-6.740000000000002
28,2009-04-21,4.189,8.087,-3.8979999999999997
29,2009-04-22,3.927,7.614,-3.687
30,2009-04-23,4.4510000000000005,8.574,-4.122999999999999
31,2009-04-24,5.629,11.325,-5.696
32,2009-04-25,6.807,13.886,-7.078999999999999
33,2009-04-26,7.331,15.186,-7.8549999999999995
34,2009-04-27,10.08,16.173,-6.092999999999998
35,2009-04-28,15.447000000000001,18.658,-3.2110000000000003
36,2009-04-29,16.887,18.925,-2.0380000000000003
37,2009-04-30,26.967,18.651,8.315999999999999
38,2009-01-05,29.585,20.949,8.636
39,2009-02-05,32.465,24.863000000000003,7.602
40,2009-03-05,18.458,16.587,1.8709999999999987
41,2009-04-05,11.651,10.269,1.3819999999999997
42,2009-05-05,11.913,8.511000000000001,3.4019999999999992
43,2009-06-05,9.818,6.527,3.2909999999999995
44,2009-07-05,11.52,4.721,6.7989999999999995
45,2009-08-05,10.735,5.638,5.0969999999999995
46,2009-09-05,10.08,6.846,3.234
47,2009-10-05,8.378,7.0760000000000005,1.3019999999999996
48,2009-11-05,6.415,5.064,1.351
49,2009-12-05,4.975,3.8,1.1749999999999998
50,2009-05-13,4.713,6.239,-1.5259999999999998
51,2009-05-14,4.975,10.758,-5.7829999999999995
52,2009-05-15,5.105,13.567,-8.462
53,2009-05-16,5.367000000000001,15.078,-9.710999999999999
54,2009-05-17,7.2,17.047,-9.847000000000001
55,2009-05-18,10.735,16.762,-6.027000000000001
56,2009-05-19,18.72,19.435,-0.7149999999999999
57,2009-05-20,16.756,26.604,-9.847999999999999
58,2009-05-21,11.52,21.215,-9.695
59,2009-05-22,11.913,30.675,-18.762
60,2009-05-23,12.436,21.005,-8.568999999999999
61,2009-05-24,11.52,17.447,-5.927
62,2009-05-25,11.389000000000001,15.950999999999999,-4.561999999999998
63,2009-05-26,17.149,16.055999999999997,1.0930000000000035
64,2009-05-27,14.269,21.189,-6.92
65,2009-05-28,10.08,16.608,-6.5280000000000005
66,2009-05-29,7.2,12.587,-5.387
67,2009-05-30,11.782,16.887999999999998,-5.105999999999998
68,2009-05-31,14.662,26.665,-12.002999999999998
69,2009-01-06,12.96,29.896,-16.936
70,2009-02-06,12.96,29.412,-16.451999999999998
71,2009-03-06,9.949,18.843,-8.894
72,2009-04-06,7.724,12.538,-4.814
73,2009-05-06,6.676,10.097000000000001,-3.421000000000001
74,2009-06-06,6.676,11.655,-4.978999999999999
75,2009-07-06,6.676,13.224,-6.548
76,2009-08-06,6.022,15.030999999999999,-9.008999999999999
77,2009-09-06,7.069,19.303,-12.234000000000002
78,2009-10-06,8.509,22.038,-13.529
79,2009-11-06,9.164,20.714000000000002,-11.550000000000002
80,2009-12-06,7.985,17.766,-9.780999999999999
81,2009-06-13,7.855,16.372,-8.517
82,2009-06-14,7.855,14.762,-6.907
83,2009-06-15,8.116,13.6,-5.484
84,2009-06-16,8.247,13.207,-4.960000000000001
85,2009-06-17,8.771,12.684000000000001,-3.9130000000000003
86,2009-06-18,32.204,32.781,-0.5769999999999982
87,2009-06-19,20.945,35.327,-14.381999999999998
88,2009-06-20,15.315999999999999,21.564,-6.248000000000001
89,2009-06-21,11.782,18.669,-6.8870000000000005
90,2009-06-22,12.567,22.23,-9.663
91,2009-06-23,15.055,25.058000000000003,-10.003000000000004
92,2009-06-24,18.327,28.099,-9.771999999999998
93,2009-06-25,27.098000000000003,41.188,-14.09
94,2009-06-26,34.821999999999996,46.298,-11.476000000000006
95,2009-06-27,37.702,45.413000000000004,-7.711000000000006
96,2009-06-28,37.44,44.626999999999995,-7.186999999999998
97,2009-06-29,37.964,47.232,-9.268
98,2009-06-30,43.593,49.174,-5.580999999999996
99,2009-01-07,43.068999999999996,43.963,-0.8940000000000055
100,2009-02-07,41.891000000000005,44.566,-2.674999999999997
101,2009-03-07,43.724,51.743,-8.019000000000005
102,2009-04-07,41.105,53.629,-12.524000000000001
103,2009-05-07,37.44,49.492,-12.052
104,2009-06-07,34.691,43.434,-8.742999999999995
105,2009-07-07,33.12,39.323,-6.203000000000003
106,2009-08-07,32.596,46.63,-14.034000000000006
107,2009-09-07,29.324,49.983999999999995,-20.659999999999993
108,2009-10-07,28.538,35.961,-7.422999999999998
109,2009-11-07,27.229,34.957,-7.7280000000000015
110,2009-12-07,31.025,37.793,-6.768000000000001
111,2009-07-13,35.738,37.103,-1.365000000000002
112,2009-07-14,36.916,33.656,3.259999999999998
113,2009-07-15,38.225,40.748000000000005,-2.5230000000000032
114,2009-07-16,42.806999999999995,46.883,-4.076000000000008
115,2009-07-17,34.821999999999996,34.287,0.5349999999999966
116,2009-07-18,45.818000000000005,39.424,6.3940000000000055
117,2009-07-19,66.502,53.117,13.384999999999998
118,2009-07-20,42.415,38.648,3.766999999999996
119,2009-07-21,67.28699999999999,35.699,31.587999999999994
120,2009-07-22,45.949,29.509,16.439999999999998
121,2009-07-23,43.985,38.245,5.740000000000002
122,2009-07-24,47.126999999999995,46.957,0.1699999999999946
123,2009-07-25,35.869,37.99,-2.121000000000002
124,2009-07-26,28.015,26.023000000000003,1.9919999999999973
125,2009-07-27,23.956,22.343000000000004,1.612999999999996
126,2009-07-28,37.44,39.536,-2.0960000000000036
127,2009-07-29,39.010999999999996,39.082,-0.07100000000000506
128,2009-07-30,51.578,36.709,14.869
129,2009-07-31,75.142,41.706,33.43599999999999
130,2009-01-08,60.218,32.963,27.255000000000003
131,2009-02-08,43.2,30.909000000000002,12.291
132,2009-03-08,48.175,39.244,8.930999999999997
133,2009-04-08,41.629,39.749,1.8799999999999955
134,2009-05-08,43.331,40.582,2.7490000000000023
135,2009-06-08,52.756,43.011,9.744999999999997
136,2009-07-08,52.625,43.568000000000005,9.056999999999995
137,2009-08-08,61.265,55.735,5.530000000000001
138,2009-09-08,56.553000000000004,46.24100000000001,10.311999999999998
139,2009-10-08,46.211000000000006,38.93,7.281000000000006
140,2009-11-08,35.215,37.043,-1.8279999999999959
141,2009-12-08,29.455,27.482,1.972999999999999
142,2009-08-13,29.585,29.62,-0.03500000000000014
143,2009-08-14,27.098000000000003,28.618000000000002,-1.5199999999999996
144,2009-08-15,41.367,25.305999999999997,16.061
145,2009-08-16,116.37799999999999,78.932,37.445999999999984
146,2009-08-17,81.687,66.791,14.896
147,2009-08-18,48.305,28.438000000000002,19.866999999999997
148,2009-08-19,36.785,20.38,16.404999999999998
149,2009-08-20,69.775,33.32,36.455000000000005
150,2009-08-21,101.978,58.489,43.489
151,2009-08-22,59.302,46.648999999999994,12.653000000000006
152,2009-08-23,42.153,37.849000000000004,4.303999999999995
153,2009-08-24,38.88,31.378,7.5020000000000024
154,2009-08-25,46.211000000000006,35.505,10.706000000000003
155,2009-08-26,42.022,37.521,4.500999999999998
156,2009-08-27,46.342,36.185,10.156999999999996
157,2009-08-28,59.04,41.878,17.162
158,2009-08-29,63.753,48.608000000000004,15.144999999999996
159,2009-08-30,53.803999999999995,52.121,1.6829999999999927
160,2009-08-31,56.945,34.397,22.548000000000002
161,2009-01-09,108.916,55.468999999999994,53.447
162,2009-02-09,72.524,77.283,-4.759
163,2009-03-09,47.52,45.683,1.8370000000000033
164,2009-04-09,44.771,30.05,14.721
165,2009-05-09,34.167,29.75,4.417000000000002
166,2009-06-09,29.715999999999998,24.261,5.454999999999998
167,2009-07-09,38.225,32.968,5.256999999999998
168,2009-08-09,48.567,34.38,14.186999999999998
169,2009-09-09,109.178,57.497,51.681
170,2009-10-09,51.446999999999996,36.186,15.260999999999996
171,2009-11-09,39.404,22.754,16.650000000000002
172,2009-12-09,42.415,27.217,15.198
173,2009-09-13,33.905,24.226999999999997,9.678000000000004
174,2009-09-14,24.349,28.124000000000002,-3.775000000000002
175,2009-09-15,18.589000000000002,32.864000000000004,-14.275000000000002
176,2009-09-16,16.625,22.949,-6.324000000000002
177,2009-09-17,14.662,18.108,-3.4459999999999997
178,2009-09-18,12.698,17.123,-4.425000000000001
179,2009-09-19,12.698,23.68,-10.982
180,2009-09-20,21.076,42.033,-20.957
181,2009-09-21,28.406999999999996,27.261,1.1459999999999972
182,2009-09-22,73.309,41.464,31.845
183,2009-09-23,71.869,48.006,23.863
184,2009-09-24,44.247,49.528999999999996,-5.2819999999999965
185,2009-09-25,60.742,45.876000000000005,14.865999999999993
186,2009-09-26,45.556000000000004,26.131,19.425000000000004
187,2009-09-27,100.931,28.938000000000002,71.993
188,2009-09-28,69.382,67.148,2.234000000000009
189,2009-09-29,33.251,25.094,8.156999999999996
190,2009-09-30,22.385,9.702,12.683000000000002
191,2009-01-10,16.495,5.785,10.71
192,2009-02-10,11.913,3.47,8.443
193,2009-03-10,12.436,2.7,9.736
194,2009-04-10,14.269,9.623,4.646000000000001
195,2009-05-10,10.472999999999999,10.798,-0.32500000000000107
196,2009-06-10,14.924000000000001,5.3229999999999995,9.601000000000003
197,2009-07-10,22.124000000000002,22.263,-0.13899999999999935
198,2009-08-10,10.995999999999999,18.983,-7.987000000000002
199,2009-09-10,7.069,9.179,-2.1100000000000003
200,2009-10-10,5.105,4.621,0.484
201,2009-11-10,4.4510000000000005,2.9389999999999996,1.512000000000001
202,2009-12-10,4.058,3.6460000000000004,0.4119999999999995
203,2009-10-13,3.273,3.488,-0.21499999999999986
204,2009-10-14,2.7489999999999997,2.4090000000000003,0.3399999999999994
205,2009-10-15,2.88,2.241,0.6389999999999998
206,2009-10-16,7.069,8.336,-1.2670000000000003
207,2009-10-17,5.367000000000001,10.23,-4.8629999999999995
208,2009-10-18,3.927,6.093999999999999,-2.1669999999999994
209,2009-10-19,3.535,4.388,-0.8529999999999998
210,2009-10-20,3.404,3.139,0.2650000000000001
211,2009-10-21,4.189,5.531000000000001,-1.3420000000000005
212,2009-10-22,3.273,7.441,-4.167999999999999
213,2009-10-23,2.88,7.107,-4.227
214,2009-10-24,2.6180000000000003,7.9510000000000005,-5.333
215,2009-10-25,2.225,6.742999999999999,-4.517999999999999
216,2009-10-26,1.964,6.226,-4.2620000000000005
217,2009-10-27,1.8330000000000002,7.682,-5.849
218,2009-10-28,1.571,6.397,-4.8260000000000005
219,2009-10-29,1.44,5.568,-4.128
220,2009-10-30,1.178,5.1610000000000005,-3.9830000000000005
221,2009-10-31,1.178,3.355,-2.177
222,2009-01-11,1.571,5.375,-3.8040000000000003
223,2009-02-11,1.8330000000000002,6.061,-4.228
224,2009-03-11,6.284,10.261,-3.9769999999999994
225,2009-04-11,4.843999999999999,11.289000000000001,-6.445000000000002
226,2009-05-11,2.487,6.1739999999999995,-3.6869999999999994
227,2009-06-11,1.571,3.0010000000000003,-1.4300000000000004
228,2009-07-11,1.3090000000000002,2.344,-1.0349999999999997
229,2009-08-11,1.178,3.8710000000000004,-2.6930000000000005
230,2009-09-11,1.047,5.651,-4.604
231,2009-10-11,0.9159999999999999,4.486000000000001,-3.5700000000000007
232,2009-11-11,0.9159999999999999,2.7060000000000004,-1.7900000000000005
233,2009-12-11,0.9159999999999999,1.8530000000000002,-0.9370000000000003
234,2009-11-13,0.785,1.3419999999999999,-0.5569999999999998
235,2009-11-14,1.964,1.052,0.9119999999999999
236,2009-11-15,7.855,8.123,-0.2679999999999989
237,2009-11-16,5.236000000000001,13.138,-7.901999999999999
238,2009-11-17,3.535,9.311,-5.776
239,2009-11-18,4.975,11.743,-6.768000000000001
240,2009-11-19,17.804000000000002,12.64,5.1640000000000015
241,2009-11-20,97.92,96.01100000000001,1.9089999999999918
242,2009-11-21,50.924,73.704,-22.779999999999994
243,2009-11-22,44.11600000000001,27.304000000000002,16.812000000000005
244,2009-11-23,18.327,23.601,-5.273999999999997
245,2009-11-24,10.995999999999999,16.298,-5.302
246,2009-11-25,15.709000000000001,13.025,2.684000000000001
247,2009-11-26,18.195999999999998,18.42,-0.22400000000000375
248,2009-11-27,12.698,19.705,-7.006999999999998
249,2009-11-28,7.593,13.319,-5.726000000000001
250,2009-11-29,5.497999999999999,6.6739999999999995,-1.1760000000000002
251,2009-11-30,4.189,3.397,0.7920000000000003
252,2009-01-12,3.404,2.322,1.0819999999999999
253,2009-02-12,3.011,1.607,1.4040000000000001
254,2009-03-12,2.6180000000000003,1.246,1.3720000000000003
255,2009-04-12,2.356,1.121,1.2349999999999999
256,2009-05-12,2.225,1.232,0.9930000000000001
257,2009-06-12,1.8330000000000002,1.4680000000000002,0.365
258,2009-07-12,1.8330000000000002,1.79,0.04300000000000015
259,2009-08-12,1.702,2.4530000000000003,-0.7510000000000003
260,2009-09-12,1.571,3.4619999999999997,-1.8909999999999998
261,2009-10-12,1.571,4.529,-2.958
262,2009-11-12,1.3090000000000002,4.94,-3.6310000000000002
263,2009-12-12,1.178,3.4139999999999997,-2.2359999999999998
264,2009-12-13,1.178,2.322,-1.1440000000000001
265,2009-12-14,1.178,1.851,-0.673
266,2009-12-15,1.178,1.6,-0.42200000000000015
267,2009-12-16,1.178,1.32,-0.14200000000000013
268,2009-12-17,1.047,0.9740000000000001,0.07299999999999984
269,2009-12-18,0.9159999999999999,0.825,0.09099999999999997
270,2009-12-19,0.9159999999999999,0.7140000000000001,0.20199999999999985
271,2009-12-20,1.047,0.833,0.21399999999999997
272,2009-12-21,0.9159999999999999,0.7859999999999999,0.13
273,2009-12-22,0.785,0.657,0.128
274,2009-12-23,0.785,0.557,0.22799999999999998
275,2009-12-24,0.655,0.48700000000000004,0.16799999999999998
276,2009-12-25,0.655,0.43,0.22500000000000003
277,2009-12-26,0.524,0.373,0.15100000000000002
278,2009-12-27,0.524,0.369,0.15500000000000003
279,2009-12-28,0.524,0.396,0.128
280,2009-12-29,0.524,0.397,0.127
281,2009-12-30,0.524,0.361,0.16300000000000003
282,2009-12-31,0.524,0.308,0.21600000000000003
283,2010-01-01,0.524,0.261,0.263
284,2010-02-01,0.39299999999999996,0.222,0.17099999999999996
285,2010-03-01,0.39299999999999996,0.188,0.20499999999999996
286,2010-04-01,0.39299999999999996,0.161,0.23199999999999996
287,2010-05-01,0.39299999999999996,0.138,0.25499999999999995
288,2010-06-01,0.39299999999999996,0.11699999999999999,0.27599999999999997
289,2010-07-01,0.39299999999999996,0.1,0.2929999999999999
290,2010-08-01,0.39299999999999996,0.085,0.30799999999999994
291,2010-09-01,0.262,0.07200000000000001,0.19
292,2010-10-01,0.262,0.061,0.201
293,2010-11-01,0.262,0.052000000000000005,0.21000000000000002
294,2010-12-01,0.262,0.044000000000000004,0.218
295,2010-01-13,0.262,0.19,0.07200000000000001
296,2010-01-14,0.131,0.331,-0.2
297,2010-01-15,0.131,0.301,-0.16999999999999998
298,2010-01-16,0.131,0.267,-0.136
299,2010-01-17,0.131,0.23600000000000002,-0.10500000000000001
300,2010-01-18,0.131,0.201,-0.07
301,2010-01-19,0.131,0.171,-0.04000000000000001
302,2010-01-20,0.131,0.213,-0.08199999999999999
303,2010-01-21,0.131,0.24,-0.10899999999999999
304,2010-01-22,0.131,0.204,-0.07299999999999998
305,2010-01-23,0.131,0.17300000000000001,-0.04200000000000001
306,2010-01-24,0.131,0.147,-0.015999999999999986
307,2010-01-25,0.131,0.124,0.007000000000000006
308,2010-01-26,0.131,0.10400000000000001,0.026999999999999996
309,2010-01-27,0.131,0.11199999999999999,0.019000000000000017
310,2010-01-28,0.131,0.132,-0.0010000000000000009
311,2010-01-29,0.131,0.125,0.006000000000000005
312,2010-01-30,0.131,0.11,0.021000000000000005
313,2010-01-31,0.131,0.16699999999999998,-0.035999999999999976
314,2010-01-02,0.131,0.203,-0.07200000000000001
315,2010-02-02,0.131,0.19899999999999998,-0.06799999999999998
316,2010-03-02,0.131,0.19699999999999998,-0.06599999999999998
317,2010-04-02,0.131,0.16699999999999998,-0.035999999999999976
318,2010-05-02,0.131,0.142,-0.010999999999999982
319,2010-06-02,0.131,0.129,0.0020000000000000018
320,2010-07-02,0.131,0.159,-0.027999999999999997
321,2010-08-02,0.131,0.172,-0.04099999999999998
322,2010-09-02,0.131,0.146,-0.014999999999999986
323,2010-10-02,0.131,0.124,0.007000000000000006
324,2010-11-02,0.131,0.11,0.021000000000000005
325,2010-12-02,0.131,0.098,0.033
326,2010-02-13,0.131,0.084,0.047
327,2010-02-14,0.0,0.071,-0.071
328,2010-02-15,0.0,0.11699999999999999,-0.11699999999999999
329,2010-02-16,0.0,0.149,-0.149
330,2010-02-17,0.0,0.127,-0.127
331,2010-02-18,0.0,0.107,-0.107
332,2010-02-19,0.0,0.091,-0.091
333,2010-02-20,0.0,0.077,-0.077
334,2010-02-21,0.0,0.065,-0.065
335,2010-02-22,0.0,0.1,-0.1
336,2010-02-23,0.0,0.161,-0.161
337,2010-02-24,0.0,0.16899999999999998,-0.16899999999999998
338,2010-02-25,0.0,0.14400000000000002,-0.14400000000000002
339,2010-02-26,0.0,0.128,-0.128
340,2010-02-27,0.0,0.147,-0.147
341,2010-02-28,0.0,0.156,-0.156
342,2010-01-03,0.0,0.132,-0.132
343,2010-02-03,0.0,0.11199999999999999,-0.11199999999999999
344,2010-03-03,0.0,0.113,-0.113
345,2010-04-03,0.0,0.11599999999999999,-0.11599999999999999
346,2010-05-03,0.0,0.106,-0.106
347,2010-06-03,0.0,0.114,-0.114
348,2010-07-03,0.0,0.139,-0.139
349,2010-08-03,0.0,0.284,-0.284
350,2010-09-03,0.0,0.626,-0.626
351,2010-10-03,0.0,0.966,-0.966
352,2010-11-03,0.0,1.393,-1.393
353,2010-12-03,0.0,1.96,-1.96
354,2010-03-13,0.0,1.868,-1.868
355,2010-03-14,0.131,1.324,-1.193
356,2010-03-15,0.131,0.91,-0.779
357,2010-03-16,0.0,0.722,-0.722
358,2010-03-17,0.131,0.659,-0.528
359,2010-03-18,0.131,1.051,-0.9199999999999999
360,2010-03-19,0.39299999999999996,1.936,-1.543
361,2010-03-20,4.713,10.171,-5.457999999999999
362,2010-03-21,2.487,11.962,-9.475
363,2010-03-22,1.047,7.3389999999999995,-6.292
364,2010-03-23,0.785,5.144,-4.359
365,2010-03-24,0.655,3.565,-2.91
366,2010-03-25,1.964,4.9030000000000005,-2.9390000000000005
367,2010-03-26,7.855,7.492999999999999,0.362000000000001
368,2010-03-27,4.4510000000000005,8.624,-4.173
369,2010-03-28,1.964,8.619,-6.654999999999999
370,2010-03-29,1.178,6.127000000000001,-4.949000000000001
371,2010-03-30,0.9159999999999999,3.148,-2.232
372,2010-03-31,0.785,2.176,-1.391
373,2010-01-04,0.785,2.017,-1.2319999999999998
374,2010-02-04,0.9159999999999999,2.088,-1.1720000000000002
375,2010-03-04,1.702,1.819,-0.11699999999999999
376,2010-04-04,2.356,1.906,0.44999999999999996
377,2010-05-04,1.3090000000000002,2.3280000000000003,-1.0190000000000001
378,2010-06-04,1.047,2.5780000000000003,-1.5310000000000004
379,2010-07-04,1.3090000000000002,3.909,-2.5999999999999996
380,2010-08-04,1.8330000000000002,7.5760000000000005,-5.743
381,2010-09-04,1.702,7.125,-5.423
382,2010-10-04,1.178,4.132,-2.9539999999999997
383,2010-11-04,0.9159999999999999,3.1630000000000003,-2.2470000000000003
384,2010-12-04,0.785,3.556,-2.771
385,2010-04-13,0.655,5.144,-4.489
386,2010-04-14,0.655,5.809,-5.154
387,2010-04-15,0.655,6.075,-5.42
388,2010-04-16,0.655,4.47,-3.8149999999999995
389,2010-04-17,3.665,2.883,0.782
390,2010-04-18,6.676,2.5869999999999997,4.089
391,2010-04-19,4.4510000000000005,2.052,2.3990000000000005
392,2010-04-20,2.487,1.449,1.038
393,2010-04-21,1.44,1.0270000000000001,0.4129999999999998
394,2010-04-22,1.047,0.884,0.16299999999999992
395,2010-04-23,0.9159999999999999,0.775,0.1409999999999999
396,2010-04-24,0.9159999999999999,0.723,0.19299999999999995
397,2010-04-25,0.785,0.667,0.118
398,2010-04-26,4.058,1.412,2.646
399,2010-04-27,11.913,7.795,4.118
400,2010-04-28,16.495,9.906,6.589
401,2010-04-29,30.633000000000003,17.144000000000002,13.489
402,2010-04-30,19.636,20.816,-1.1799999999999997
403,2010-01-05,10.604000000000001,14.078,-3.4739999999999984
404,2010-02-05,5.367000000000001,7.275,-1.9079999999999995
405,2010-03-05,3.273,3.6660000000000004,-0.39300000000000024
406,2010-04-05,2.356,2.521,-0.16500000000000004
407,2010-05-05,1.702,1.979,-0.27700000000000014
408,2010-06-05,1.178,1.871,-0.6930000000000001
409,2010-07-05,1.047,2.3890000000000002,-1.3420000000000003
410,2010-08-05,1.047,3.2960000000000003,-2.2490000000000006
411,2010-09-05,1.047,4.57,-3.5230000000000006
412,2010-10-05,1.047,3.5389999999999997,-2.492
413,2010-11-05,1.047,2.23,-1.183
414,2010-12-05,0.9159999999999999,1.679,-0.7630000000000001
415,2010-05-13,0.9159999999999999,1.815,-0.899
416,2010-05-14,0.9159999999999999,4.39,-3.4739999999999998
417,2010-05-15,1.047,8.603,-7.556
418,2010-05-16,7.855,37.102,-29.246999999999996
419,2010-05-17,14.530999999999999,64.329,-49.797999999999995
420,2010-05-18,8.378,29.611,-21.233
421,2010-05-19,10.995999999999999,20.639,-9.643
422,2010-05-20,13.484000000000002,22.789,-9.305
423,2010-05-21,14.138,25.655,-11.517000000000001
424,2010-05-22,14.4,29.445,-15.045
425,2010-05-23,22.647,28.316,-5.6690000000000005
426,2010-05-24,16.102,20.275,-4.172999999999998
427,2010-05-25,11.52,12.782,-1.2620000000000005
428,2010-05-26,8.64,6.322,2.3180000000000005
429,2010-05-27,7.069,4.082,2.987
430,2010-05-28,5.76,5.62,0.13999999999999968
431,2010-05-29,6.022,10.722999999999999,-4.700999999999999
432,2010-05-30,5.76,11.927999999999999,-6.167999999999999
433,2010-05-31,6.807,14.222999999999999,-7.415999999999999
434,2010-01-06,9.556000000000001,23.886999999999997,-14.330999999999996
435,2010-02-06,12.96,30.235,-17.275
436,2010-03-06,18.195999999999998,25.855,-7.6590000000000025
437,2010-04-06,12.044,17.511,-5.466999999999999
438,2010-05-06,10.865,20.133,-9.267999999999999
439,2010-06-06,10.472999999999999,21.561,-11.088000000000001
440,2010-07-06,11.127,22.392,-11.264999999999999
441,2010-08-06,11.782,29.649,-17.867
442,2010-09-06,15.970999999999998,27.823,-11.852000000000002
443,2010-10-06,24.611,34.623000000000005,-10.012000000000004
444,2010-11-06,27.491,33.068000000000005,-5.577000000000005
445,2010-12-06,23.433000000000003,45.958999999999996,-22.525999999999993
446,2010-06-13,16.364,25.885,-9.521
447,2010-06-14,12.96,16.43,-3.469999999999999
448,2010-06-15,10.604000000000001,14.759,-4.154999999999999
449,2010-06-16,9.295,17.39,-8.095
450,2010-06-17,10.08,20.801,-10.720999999999998
451,2010-06-18,20.945,26.660999999999998,-5.7159999999999975
452,2010-06-19,15.578,20.049,-4.471
453,2010-06-20,11.913,19.095,-7.181999999999999
454,2010-06-21,10.211,21.884,-11.673
455,2010-06-22,10.735,28.643,-17.908
456,2010-06-23,11.782,20.872,-9.09
457,2010-06-24,19.244,33.357,-14.113
458,2010-06-25,34.429,43.4,-8.970999999999997
459,2010-06-26,31.418000000000003,30.622,0.7960000000000029
460,2010-06-27,25.396,23.714000000000002,1.6819999999999986
461,2010-06-28,28.538,35.477,-6.9389999999999965
462,2010-06-29,32.465,43.247,-10.781999999999996
463,2010-06-30,35.345,44.206,-8.861000000000004
464,2010-01-07,28.406999999999996,24.178,4.228999999999996
465,2010-02-07,33.905,35.409,-1.5039999999999978
466,2010-03-07,54.72,49.141000000000005,5.5789999999999935
467,2010-04-07,42.676,36.893,5.783000000000001
468,2010-05-07,52.625,38.263000000000005,14.361999999999995
469,2010-06-07,39.665,28.76,10.904999999999998
470,2010-07-07,30.109,22.499000000000002,7.609999999999999
471,2010-08-07,38.095,32.224000000000004,5.870999999999995
472,2010-09-07,33.775,30.842,2.933
473,2010-10-07,45.687,41.316,4.370999999999995
474,2010-11-07,50.793,39.365,11.427999999999997
475,2010-12-07,50.138000000000005,41.245,8.893000000000008
476,2010-07-13,43.331,49.153,-5.821999999999996
477,2010-07-14,33.12,34.596,-1.475999999999999
478,2010-07-15,61.92,51.545,10.375
479,2010-07-16,77.105,57.201,19.904000000000003
480,2010-07-17,62.051,45.547,16.504000000000005
481,2010-07-18,54.065,53.861999999999995,0.20300000000000296
482,2010-07-19,41.76,37.238,4.5219999999999985
483,2010-07-20,67.418,39.352,28.06600000000001
484,2010-07-21,77.498,87.62299999999999,-10.124999999999986
485,2010-07-22,60.218,72.146,-11.927999999999997
486,2010-07-23,34.298,30.502,3.796000000000003
487,2010-07-24,24.873,29.706,-4.832999999999998
488,2010-07-25,21.862,31.264,-9.402000000000001
489,2010-07-26,21.469,36.641,-15.171999999999997
490,2010-07-27,21.206999999999997,34.532,-13.325
491,2010-07-28,28.930999999999997,41.196000000000005,-12.265000000000008
492,2010-07-29,29.324,38.742,-9.417999999999996
493,2010-07-30,32.858000000000004,44.813,-11.954999999999998
494,2010-07-31,36.524,42.692,-6.167999999999999
495,2010-01-08,43.331,45.718,-2.3870000000000005
496,2010-02-08,32.335,39.23,-6.894999999999996
497,2010-03-08,25.658,29.605,-3.946999999999999
498,2010-04-08,21.469,27.224,-5.754999999999999
499,2010-05-08,24.741999999999997,31.776,-7.0340000000000025
500,2010-06-08,40.058,41.326,-1.2680000000000007
501,2010-07-08,33.775,36.412,-2.6370000000000005
502,2010-08-08,34.167,36.528,-2.360999999999997
503,2010-09-08,32.465,37.08,-4.614999999999995
504,2010-10-08,34.167,37.11,-2.942999999999998
505,2010-11-08,43.461999999999996,45.214,-1.7520000000000024
506,2010-12-08,32.073,39.115,-7.042000000000002
507,2010-08-13,38.486999999999995,39.283,-0.7960000000000065
508,2010-08-14,37.571,48.06,-10.489000000000004
509,2010-08-15,28.930999999999997,38.564,-9.633000000000003
510,2010-08-16,34.036,48.266999999999996,-14.230999999999995
511,2010-08-17,45.033,43.997,1.0360000000000014
512,2010-08-18,49.222,41.676,7.545999999999999
513,2010-08-19,46.08,41.918,4.161999999999999
514,2010-08-20,38.095,38.494,-0.3990000000000009
515,2010-08-21,56.16,55.47,0.6899999999999977
516,2010-08-22,48.175,43.306999999999995,4.868000000000002
517,2010-08-23,39.273,41.946999999999996,-2.6739999999999924
518,2010-08-24,56.422,42.355,14.067
519,2010-08-25,56.422,53.232,3.1899999999999977
520,2010-08-26,45.687,47.973,-2.2860000000000014
521,2010-08-27,27.36,28.535999999999998,-1.1759999999999984
522,2010-08-28,22.516,22.171,0.34499999999999886
523,2010-08-29,15.709000000000001,23.076,-7.366999999999999
524,2010-08-30,10.342,19.291,-8.949
525,2010-08-31,11.651,18.865,-7.213999999999999
526,2010-01-09,16.102,21.269000000000002,-5.167000000000002
527,2010-02-09,12.305,20.748,-8.443000000000001
528,2010-03-09,9.687000000000001,24.033,-14.346
529,2010-04-09,8.378,24.090999999999998,-15.712999999999997
530,2010-05-09,7.724,23.784000000000002,-16.060000000000002
531,2010-06-09,10.865,32.931,-22.065999999999995
532,2010-07-09,20.684,36.257,-15.572999999999997
533,2010-08-09,24.087,29.052,-4.965
534,2010-09-09,25.265,26.511,-1.2459999999999987
535,2010-10-09,21.6,25.182,-3.581999999999997
536,2010-11-09,38.618,26.993000000000002,11.625
537,2010-12-09,58.647,65.748,-7.101000000000006
538,2010-09-13,37.178000000000004,52.321000000000005,-15.143
539,2010-09-14,60.349,41.004,19.345
540,2010-09-15,32.465,40.698,-8.232999999999997
541,2010-09-16,36.393,26.901999999999997,9.491000000000003
542,2010-09-17,31.811,52.573,-20.762
543,2010-09-18,31.941999999999997,39.858000000000004,-7.9160000000000075
544,2010-09-19,24.349,39.262,-14.913
545,2010-09-20,10.865,22.443,-11.578000000000001
546,2010-09-21,7.2,16.805,-9.605
547,2010-09-22,11.258,14.762,-3.5040000000000013
548,2010-09-23,57.6,33.457,24.143
549,2010-09-24,37.309,54.218,-16.909000000000006
550,2010-09-25,18.851,23.79,-4.939
551,2010-09-26,10.08,14.065999999999999,-3.985999999999999
552,2010-09-27,6.938,11.474,-4.5360000000000005
553,2010-09-28,5.367000000000001,9.892999999999999,-4.525999999999998
554,2010-09-29,4.189,8.184,-3.994999999999999
555,2010-09-30,3.404,9.927,-6.523
556,2010-01-10,2.88,11.675999999999998,-8.796
557,2010-02-10,2.487,10.824000000000002,-8.337000000000002
558,2010-03-10,12.175,13.239,-1.064
559,2010-04-10,76.45100000000001,31.125999999999998,45.32500000000001
560,2010-05-10,95.04,61.158,33.882000000000005
561,2010-06-10,159.447,47.463,111.98400000000001
562,2010-07-10,65.71600000000001,89.79,-24.073999999999998
563,2010-08-10,29.061999999999998,38.413000000000004,-9.351000000000006
564,2010-09-10,17.018,21.475,-4.457000000000001
565,2010-10-10,10.735,23.764,-13.029
566,2010-11-10,7.462000000000001,22.389,-14.927
567,2010-12-10,5.629,18.959,-13.33
568,2010-10-13,4.4510000000000005,17.559,-13.108
569,2010-10-14,3.7960000000000003,15.38,-11.584
570,2010-10-15,3.142,10.843,-7.7010000000000005
571,2010-10-16,2.6180000000000003,6.7829999999999995,-4.164999999999999
572,2010-10-17,2.225,4.495,-2.27
573,2010-10-18,4.4510000000000005,9.883,-5.431999999999999
574,2010-10-19,5.236000000000001,13.754000000000001,-8.518
575,2010-10-20,3.142,9.22,-6.078000000000001
576,2010-10-21,2.225,4.092,-1.8669999999999995
577,2010-10-22,2.225,2.416,-0.19099999999999984
578,2010-10-23,2.095,1.9680000000000002,0.127
579,2010-10-24,1.571,1.482,0.08899999999999997
580,2010-10-25,1.178,1.004,0.17399999999999993
581,2010-10-26,1.047,0.802,0.24499999999999988
582,2010-10-27,9.033,0.682,8.350999999999999
583,2010-10-28,18.982,8.345,10.636999999999999
584,2010-10-29,22.385,13.487,8.898000000000001
585,2010-10-30,34.821999999999996,28.668000000000003,6.153999999999993
586,2010-10-31,16.887,22.575,-5.687999999999999
587,2010-01-11,9.295,13.865,-4.57
588,2010-02-11,7.724,7.147,0.577
589,2010-03-11,11.651,11.355,0.2959999999999994
590,2010-04-11,7.331,11.482999999999999,-4.151999999999998
591,2010-05-11,4.582,5.355,-0.7730000000000006
592,2010-06-11,3.142,2.6660000000000004,0.47599999999999953
593,2010-07-11,2.225,1.801,0.42400000000000015
594,2010-08-11,1.571,1.2309999999999999,0.3400000000000001
595,2010-09-11,1.178,0.8759999999999999,0.30200000000000005
596,2010-10-11,1.047,0.743,0.30399999999999994
597,2010-11-11,0.9159999999999999,0.623,0.2929999999999999
598,2010-12-11,0.9159999999999999,0.541,0.3749999999999999
599,2010-11-13,0.785,0.48,0.30500000000000005
600,2010-11-14,0.785,0.43799999999999994,0.3470000000000001
601,2010-11-15,0.785,0.43200000000000005,0.353
602,2010-11-16,0.655,0.40700000000000003,0.248
603,2010-11-17,0.655,0.365,0.29000000000000004
604,2010-11-18,0.524,0.32,0.20400000000000001
605,2010-11-19,0.524,0.26899999999999996,0.25500000000000006
606,2010-11-20,0.39299999999999996,0.226,0.16699999999999995
607,2010-11-21,0.39299999999999996,0.19,0.20299999999999996
608,2010-11-22,0.39299999999999996,0.18600000000000003,0.20699999999999993
609,2010-11-23,0.262,0.182,0.08000000000000002
610,2010-11-24,0.262,0.153,0.10900000000000001
611,2010-11-25,0.262,0.128,0.134
612,2010-11-26,0.131,0.10800000000000001,0.022999999999999993
613,2010-11-27,0.131,0.09,0.04100000000000001
614,2010-11-28,0.131,0.076,0.05500000000000001
615,2010-11-29,0.131,0.064,0.067
616,2010-11-30,0.131,0.054000000000000006,0.077
617,2010-01-12,0.131,0.045,0.08600000000000001
618,2010-02-12,0.131,0.038,0.093
619,2010-03-12,0.0,0.032,-0.032
620,2010-04-12,0.0,0.027000000000000003,-0.027000000000000003
621,2010-05-12,0.0,0.022000000000000002,-0.022000000000000002
622,2010-06-12,0.0,0.019,-0.019
623,2010-07-12,0.0,0.016,-0.016
624,2010-08-12,0.0,0.042,-0.042
625,2010-09-12,0.0,0.066,-0.066
626,2010-10-12,0.0,0.071,-0.071
627,2010-11-12,0.131,0.08199999999999999,0.049000000000000016
628,2010-12-12,0.131,0.085,0.046
629,2010-12-13,0.131,0.081,0.05
630,2010-12-14,0.131,0.071,0.06000000000000001
631,2010-12-15,0.131,0.065,0.066
632,2010-12-16,0.262,0.132,0.13
633,2010-12-17,0.262,0.174,0.08800000000000002
634,2010-12-18,0.262,0.14800000000000002,0.11399999999999999
635,2010-12-19,0.131,0.124,0.007000000000000006
636,2010-12-20,0.131,0.10400000000000001,0.026999999999999996
637,2010-12-21,0.131,0.094,0.037000000000000005
638,2010-12-22,0.131,0.08900000000000001,0.041999999999999996
639,2010-12-23,0.131,0.107,0.024000000000000007
640,2010-12-24,0.131,0.187,-0.055999999999999994
641,2010-12-25,0.131,0.21600000000000003,-0.08500000000000002
642,2010-12-26,0.131,0.182,-0.05099999999999999
643,2010-12-27,0.131,0.153,-0.021999999999999992
644,2010-12-28,0.131,0.129,0.0020000000000000018
645,2010-12-29,0.131,0.10800000000000001,0.022999999999999993
646,2010-12-30,0.131,0.099,0.032
647,2010-12-31,0.131,0.10400000000000001,0.026999999999999996
648,2011-01-01,0.262,0.16399999999999998,0.09800000000000003
649,2011-02-01,0.131,0.19399999999999998,-0.06299999999999997
650,2011-03-01,0.131,0.16399999999999998,-0.032999999999999974
651,2011-04-01,0.131,0.17600000000000002,-0.04500000000000001
652,2011-05-01,0.131,0.193,-0.062
653,2011-06-01,0.131,0.21,-0.07899999999999999
654,2011-07-01,0.131,0.255,-0.124
655,2011-08-01,0.131,0.282,-0.15099999999999997
656,2011-09-01,0.131,0.307,-0.176
657,2011-10-01,0.262,0.474,-0.21199999999999997
658,2011-11-01,0.39299999999999996,0.83,-0.437
659,2011-12-01,0.39299999999999996,1.035,-0.6419999999999999
660,2011-01-13,0.39299999999999996,0.833,-0.44
661,2011-01-14,0.39299999999999996,0.628,-0.23500000000000004
662,2011-01-15,0.262,0.555,-0.29300000000000004
663,2011-01-16,1.44,0.6940000000000001,0.7459999999999999
664,2011-01-17,6.284,7.233,-0.9489999999999998
665,2011-01-18,2.88,9.818,-6.938
666,2011-01-19,1.44,4.895,-3.4549999999999996
667,2011-01-20,0.9159999999999999,2.4730000000000003,-1.5570000000000004
668,2011-01-21,0.785,1.6869999999999998,-0.9019999999999998
669,2011-01-22,0.655,1.48,-0.825
670,2011-01-23,0.524,1.528,-1.004
671,2011-01-24,0.655,1.7519999999999998,-1.0969999999999998
672,2011-01-25,5.497999999999999,1.74,3.757999999999999
673,2011-01-26,2.095,1.28,0.8150000000000002
674,2011-01-27,1.047,0.898,0.1489999999999999
675,2011-01-28,0.655,0.767,-0.11199999999999999
676,2011-01-29,0.524,0.664,-0.14
677,2011-01-30,0.39299999999999996,0.591,-0.198
678,2011-01-31,0.39299999999999996,0.54,-0.14700000000000008
679,2011-01-02,0.524,0.799,-0.275
680,2011-02-02,0.655,1.2329999999999999,-0.5779999999999998
681,2011-03-02,0.785,1.7309999999999999,-0.9459999999999998
682,2011-04-02,1.047,1.874,-0.8270000000000002
683,2011-05-02,1.571,1.5590000000000002,0.011999999999999789
684,2011-06-02,1.44,1.284,0.15599999999999992
685,2011-07-02,1.047,1.012,0.03499999999999992
686,2011-08-02,0.9159999999999999,0.83,0.08599999999999997
687,2011-09-02,0.785,0.7490000000000001,0.03599999999999992
688,2011-10-02,0.785,0.7170000000000001,0.06799999999999995
689,2011-11-02,0.785,0.7609999999999999,0.024000000000000132
690,2011-12-02,0.655,0.7140000000000001,-0.05900000000000005
691,2011-02-13,0.524,0.609,-0.08499999999999996
692,2011-02-14,0.39299999999999996,0.515,-0.12200000000000005
693,2011-02-15,0.39299999999999996,0.436,-0.04300000000000004
694,2011-02-16,0.262,0.38,-0.118
695,2011-02-17,0.262,0.331,-0.069
696,2011-02-18,0.262,0.281,-0.019000000000000017
697,2011-02-19,0.262,0.237,0.025000000000000022
698,2011-02-20,0.131,0.201,-0.07
699,2011-02-21,0.131,0.17,-0.03900000000000001
700,2011-02-22,0.131,0.14400000000000002,-0.013000000000000012
701,2011-02-23,0.131,0.121,0.010000000000000009
702,2011-02-24,0.131,0.11699999999999999,0.014000000000000012
703,2011-02-25,0.131,0.171,-0.04000000000000001
704,2011-02-26,0.39299999999999996,1.643,-1.25
705,2011-02-27,0.524,3.365,-2.841
706,2011-02-28,0.524,2.383,-1.859
707,2011-01-03,0.39299999999999996,1.5319999999999998,-1.1389999999999998
708,2011-02-03,0.39299999999999996,1.0,-0.607
709,2011-03-03,0.262,0.675,-0.41300000000000003
710,2011-04-03,0.262,0.591,-0.32899999999999996
711,2011-05-03,0.262,0.5589999999999999,-0.29699999999999993
712,2011-06-03,0.262,0.522,-0.26
713,2011-07-03,0.262,0.451,-0.189
714,2011-08-03,0.262,0.41100000000000003,-0.14900000000000002
715,2011-09-03,0.262,0.465,-0.203
716,2011-10-03,0.262,0.521,-0.259
717,2011-11-03,0.262,0.496,-0.23399999999999999
718,2011-12-03,0.262,0.474,-0.21199999999999997
719,2011-03-13,0.262,0.46799999999999997,-0.20599999999999996
720,2011-03-14,0.262,0.7020000000000001,-0.44000000000000006
721,2011-03-15,0.262,0.9079999999999999,-0.6459999999999999
722,2011-03-16,0.262,0.86,-0.598
723,2011-03-17,0.262,0.6829999999999999,-0.42099999999999993
724,2011-03-18,0.262,0.602,-0.33999999999999997
725,2011-03-19,0.131,0.53,-0.399
726,2011-03-20,0.131,0.495,-0.364
727,2011-03-21,2.487,0.763,1.7240000000000002
728,2011-03-22,22.516,8.006,14.509999999999998
729,2011-03-23,11.913,9.794,2.1189999999999998
730,2011-03-24,12.436,6.228,6.208
731,2011-03-25,4.843999999999999,4.328,0.5159999999999991
732,2011-03-26,2.6180000000000003,2.327,0.29100000000000037
733,2011-03-27,1.702,1.6380000000000001,0.06399999999999983
734,2011-03-28,1.178,1.175,0.0029999999999998916
735,2011-03-29,1.047,0.925,0.12199999999999989
736,2011-03-30,0.9159999999999999,0.8340000000000001,0.08199999999999985
737,2011-03-31,0.785,0.7090000000000001,0.07599999999999996
738,2011-01-04,0.655,0.674,-0.019000000000000017
739,2011-02-04,17.018,1.9469999999999998,15.071000000000002
740,2011-03-04,24.218000000000004,12.597000000000001,11.621000000000002
741,2011-04-04,8.771,13.959000000000001,-5.188000000000001
742,2011-05-04,6.676,7.002000000000001,-0.3260000000000005
743,2011-06-04,12.567,12.507,0.0600000000000005
744,2011-07-04,25.004,17.695999999999998,7.308000000000003
745,2011-08-04,15.055,13.163,1.8919999999999995
746,2011-09-04,7.462000000000001,7.256,0.2060000000000004
747,2011-10-04,4.843999999999999,6.202000000000001,-1.3580000000000014
748,2011-11-04,6.415,9.996,-3.5810000000000004
749,2011-12-04,8.64,15.482999999999999,-6.842999999999998
750,2011-04-13,4.975,12.671,-7.696
751,2011-04-14,3.404,6.195,-2.7910000000000004
752,2011-04-15,3.011,4.3389999999999995,-1.3279999999999994
753,2011-04-16,4.32,3.963,0.3570000000000002
754,2011-04-17,5.367000000000001,3.2289999999999996,2.1380000000000012
755,2011-04-18,4.975,2.966,2.0089999999999995
756,2011-04-19,4.582,7.957000000000001,-3.375000000000001
757,2011-04-20,6.022,12.243,-6.221
758,2011-04-21,6.284,13.394,-7.11
759,2011-04-22,8.116,15.860999999999999,-7.744999999999999
760,2011-04-23,18.327,20.027,-1.6999999999999993
761,2011-04-24,18.458,23.04,-4.582000000000001
762,2011-04-25,15.315999999999999,21.421,-6.105
763,2011-04-26,10.211,16.862000000000002,-6.651000000000002
764,2011-04-27,6.545,10.784,-4.239000000000001
765,2011-04-28,5.367000000000001,9.236,-3.8689999999999998
766,2011-04-29,5.105,10.357999999999999,-5.252999999999998
767,2011-04-30,5.629,10.974,-5.345000000000001
768,2011-01-05,5.629,13.052999999999999,-7.4239999999999995
769,2011-02-05,5.629,13.202,-7.573
770,2011-03-05,4.582,9.595,-5.013000000000001
771,2011-04-05,3.535,6.666,-3.1310000000000002
772,2011-05-05,3.011,5.664,-2.6529999999999996
773,2011-06-05,2.7489999999999997,4.959,-2.21
774,2011-07-05,4.843999999999999,6.143,-1.2990000000000004
775,2011-08-05,13.745,13.831,-0.0860000000000003
776,2011-09-05,22.255,24.745,-2.490000000000002
777,2011-10-05,33.644,31.409000000000002,2.234999999999996
778,2011-11-05,28.015,25.717,2.298000000000002
779,2011-12-05,20.945,23.044,-2.099
780,2011-05-13,15.578,18.209,-2.6310000000000002
781,2011-05-14,11.913,14.587,-2.6739999999999995
782,2011-05-15,10.342,13.972000000000001,-3.630000000000001
783,2011-05-16,8.64,13.369000000000002,-4.729000000000001
784,2011-05-17,9.687000000000001,11.640999999999998,-1.953999999999997
785,2011-05-18,10.735,8.412,2.3229999999999986
786,2011-05-19,16.495,11.913,4.582000000000001
787,2011-05-20,10.735,11.970999999999998,-1.2359999999999989
788,2011-05-21,10.342,8.062000000000001,2.2799999999999994
789,2011-05-22,12.436,9.488999999999999,2.947000000000001
790,2011-05-23,21.076,17.176,3.900000000000002
791,2011-05-24,27.229,25.195999999999998,2.0330000000000013
792,2011-05-25,16.102,17.637999999999998,-1.5359999999999978
793,2011-05-26,9.295,11.024000000000001,-1.729000000000001
794,2011-05-27,8.116,10.265999999999998,-2.1499999999999986
795,2011-05-28,8.378,11.200999999999999,-2.8229999999999986
796,2011-05-29,8.509,10.061,-1.5519999999999996
797,2011-05-30,9.164,10.429,-1.2650000000000006
798,2011-05-31,8.902000000000001,13.116,-4.213999999999999
799,2011-01-06,10.472999999999999,13.091,-2.6180000000000003
800,2011-02-06,33.905,34.869,-0.9639999999999986
801,2011-03-06,28.8,23.185,5.615000000000002
802,2011-04-06,33.905,21.112,12.793000000000003
803,2011-05-06,31.811,21.633000000000003,10.177999999999997
804,2011-06-06,42.806999999999995,34.907,7.899999999999999
805,2011-07-06,58.778,60.849,-2.070999999999998
806,2011-08-06,56.16,41.211000000000006,14.948999999999991
807,2011-09-06,58.516000000000005,43.66,14.856000000000009
808,2011-10-06,43.068999999999996,34.365,8.703999999999994
809,2011-11-06,35.869,23.008000000000003,12.860999999999997
810,2011-12-06,38.88,29.018,9.862000000000002
811,2011-06-13,34.821999999999996,23.993000000000002,10.828999999999994
812,2011-06-14,47.782,35.779,12.002999999999993
813,2011-06-15,53.935,48.338,5.597000000000001
814,2011-06-16,36.916,25.193,11.722999999999995
815,2011-06-17,48.43600000000001,33.74,14.696000000000005
816,2011-06-18,40.058,39.873000000000005,0.18499999999999517
817,2011-06-19,39.404,32.802,6.602000000000004
818,2011-06-20,37.178000000000004,35.016999999999996,2.1610000000000085
819,2011-06-21,30.502,26.03,4.471999999999998
820,2011-06-22,27.229,20.805999999999997,6.423000000000002
821,2011-06-23,27.098000000000003,24.509,2.589000000000002
822,2011-06-24,26.705,24.845,1.8599999999999994
823,2011-06-25,24.611,17.933,6.678000000000001
824,2011-06-26,22.778000000000002,15.200999999999999,7.5770000000000035
825,2011-06-27,60.48,51.43899999999999,9.041000000000004
826,2011-06-28,91.375,67.169,24.206000000000003
827,2011-06-29,128.945,81.348,47.596999999999994
828,2011-06-30,66.633,70.542,-3.909000000000006
829,2011-01-07,42.022,36.865,5.1569999999999965
830,2011-02-07,43.985,30.837,13.148
831,2011-03-07,57.861999999999995,55.935,1.9269999999999925
832,2011-04-07,50.531000000000006,50.291000000000004,0.240000000000002
833,2011-05-07,50.4,48.535,1.865000000000002
834,2011-06-07,57.076,49.335,7.741
835,2011-07-07,57.731,48.989,8.742000000000004
836,2011-08-07,46.211000000000006,50.086000000000006,-3.875
837,2011-09-07,44.64,37.69,6.950000000000003
838,2011-10-07,52.495,36.272,16.223
839,2011-11-07,61.265,49.731,11.533999999999999
840,2011-12-07,42.545,41.693000000000005,0.8519999999999968
841,2011-07-13,32.073,27.534000000000002,4.538999999999998
842,2011-07-14,30.502,31.119,-0.6170000000000009
843,2011-07-15,30.764,42.013999999999996,-11.249999999999996
844,2011-07-16,29.455,36.828,-7.373000000000005
845,2011-07-17,44.902,37.784,7.118000000000002
846,2011-07-18,50.269,40.711,9.558
847,2011-07-19,48.43600000000001,36.106,12.330000000000005
848,2011-07-20,69.251,47.556000000000004,21.695
849,2011-07-21,43.985,41.223,2.7620000000000005
850,2011-07-22,33.775,36.106,-2.331000000000003
851,2011-07-23,48.567,45.868,2.698999999999998
852,2011-07-24,55.505,53.888000000000005,1.6169999999999973
853,2011-07-25,53.28,58.29,-5.009999999999998
854,2011-07-26,48.698,50.227,-1.5289999999999964
855,2011-07-27,40.975,39.519,1.456000000000003
856,2011-07-28,39.404,43.472,-4.067999999999998
857,2011-07-29,34.298,42.848,-8.549999999999997
858,2011-07-30,38.618,45.059,-6.440999999999995
859,2011-07-31,41.105,46.225,-5.1200000000000045
860,2011-01-08,43.2,50.486999999999995,-7.286999999999992
861,2011-02-08,45.949,49.42100000000001,-3.4720000000000084
862,2011-03-08,49.222,48.843,0.3789999999999978
863,2011-04-08,44.11600000000001,45.942,-1.8259999999999934
864,2011-05-08,54.851000000000006,41.46,13.391000000000005
865,2011-06-08,52.233000000000004,49.887,2.3460000000000036
866,2011-07-08,43.461999999999996,34.548,8.913999999999994
867,2011-08-08,38.749,37.785,0.9640000000000057
868,2011-09-08,29.585,31.02,-1.4349999999999987
869,2011-10-08,22.778000000000002,27.081,-4.302999999999997
870,2011-11-08,14.4,20.146,-5.746
871,2011-12-08,14.138,22.989,-8.851
872,2011-08-13,19.113,29.265,-10.152000000000001
873,2011-08-14,38.618,32.57,6.048000000000002
874,2011-08-15,41.891000000000005,38.105,3.7860000000000085
875,2011-08-16,30.502,36.903,-6.401
876,2011-08-17,22.124000000000002,25.544,-3.419999999999998
877,2011-08-18,20.291,27.646,-7.355
878,2011-08-19,19.113,26.67,-7.557000000000002
879,2011-08-20,24.611,28.618000000000002,-4.0070000000000014
880,2011-08-21,37.178000000000004,29.096,8.082000000000004
881,2011-08-22,39.796,40.556,-0.759999999999998
882,2011-08-23,27.884,30.558000000000003,-2.674000000000003
883,2011-08-24,38.618,35.184,3.4340000000000046
884,2011-08-25,43.2,43.928000000000004,-0.7280000000000015
885,2011-08-26,42.153,40.518,1.634999999999998
886,2011-08-27,64.8,45.68600000000001,19.11399999999999
887,2011-08-28,41.236000000000004,42.023999999999994,-0.7879999999999896
888,2011-08-29,31.156,28.38,2.776
889,2011-08-30,42.938,30.555,12.383000000000003
890,2011-08-31,26.182,22.84,3.3419999999999987
891,2011-01-09,20.684,24.403000000000002,-3.719000000000001
892,2011-02-09,19.767,26.686999999999998,-6.919999999999998
893,2011-03-09,48.175,37.528,10.646999999999998
894,2011-04-09,59.433,49.122,10.311
895,2011-05-09,48.43600000000001,49.795,-1.3589999999999947
896,2011-06-09,57.731,45.361999999999995,12.369000000000007
897,2011-07-09,79.331,60.446000000000005,18.884999999999998
898,2011-08-09,35.607,45.726000000000006,-10.119000000000007
899,2011-09-09,21.993000000000002,33.177,-11.183999999999997
900,2011-10-09,15.447000000000001,22.022,-6.5749999999999975
901,2011-11-09,56.028999999999996,41.928000000000004,14.100999999999992
902,2011-12-09,52.495,42.893,9.601999999999997
903,2011-09-13,118.34200000000001,53.336999999999996,65.00500000000002
904,2011-09-14,67.54899999999999,55.23,12.318999999999996
905,2011-09-15,35.869,42.305,-6.436
906,2011-09-16,15.970999999999998,22.014,-6.043000000000001
907,2011-09-17,9.687000000000001,17.916,-8.229
908,2011-09-18,10.604000000000001,18.767,-8.162999999999998
909,2011-09-19,22.124000000000002,24.642,-2.517999999999997
910,2011-09-20,31.549,36.579,-5.030000000000001
911,2011-09-21,22.124000000000002,29.337,-7.212999999999997
912,2011-09-22,28.669,42.114,-13.444999999999997
913,2011-09-23,20.553,32.866,-12.312999999999999
914,2011-09-24,19.505,21.315,-1.8100000000000023
915,2011-09-25,25.92,27.149,-1.2289999999999992
916,2011-09-26,76.844,39.065,37.778999999999996
917,2011-09-27,35.215,47.099,-11.883999999999993
918,2011-09-28,51.185,38.574,12.611000000000004
919,2011-09-29,47.782,35.873000000000005,11.908999999999992
920,2011-09-30,49.615,38.475,11.14
921,2011-01-10,32.204,35.416,-3.211999999999996
922,2011-02-10,46.342,49.854,-3.5120000000000005
923,2011-03-10,30.109,36.793,-6.6839999999999975
924,2011-04-10,50.924,41.089,9.835
925,2011-05-10,39.665,35.316,4.348999999999997
926,2011-06-10,65.324,57.468999999999994,7.855000000000004
927,2011-07-10,28.015,26.863000000000003,1.1519999999999975
928,2011-08-10,13.353,12.952,0.4009999999999998
929,2011-09-10,11.651,7.172999999999999,4.478000000000001
930,2011-10-10,15.185,19.675,-4.49
931,2011-11-10,11.258,21.965999999999998,-10.707999999999998
932,2011-12-10,8.116,14.23,-6.114000000000001
933,2011-10-13,5.105,7.379,-2.273999999999999
934,2011-10-14,3.665,4.074,-0.4089999999999998
935,2011-10-15,3.273,5.2139999999999995,-1.9409999999999994
936,2011-10-16,3.535,7.2379999999999995,-3.7029999999999994
937,2011-10-17,7.331,10.474,-3.143
938,2011-10-18,17.935,25.755,-7.82
939,2011-10-19,7.2,17.47,-10.27
940,2011-10-20,4.843999999999999,7.881,-3.037000000000001
941,2011-10-21,7.593,3.556,4.037
942,2011-10-22,29.455,21.775,7.68
943,2011-10-23,16.887,22.164,-5.277000000000001
944,2011-10-24,8.771,15.909,-7.138
945,2011-10-25,5.497999999999999,13.328,-7.83
946,2011-10-26,3.927,10.373,-6.446
947,2011-10-27,4.713,8.882,-4.169
948,2011-10-28,12.305,15.192,-2.8870000000000005
949,2011-10-29,6.807,17.785,-10.978
950,2011-10-30,13.353,19.415,-6.061999999999999
951,2011-10-31,18.458,21.885,-3.427000000000003
952,2011-01-11,32.073,23.496,8.577000000000002
953,2011-02-11,35.215,26.815,8.400000000000002
954,2011-03-11,17.28,21.396,-4.116
955,2011-04-11,19.767,20.272000000000002,-0.5050000000000026
956,2011-05-11,34.953,22.307,12.646000000000004
957,2011-06-11,34.953,34.938,0.015000000000000568
958,2011-07-11,16.887,21.108,-4.221
959,2011-08-11,10.342,16.974,-6.632
960,2011-09-11,10.472999999999999,24.199,-13.726000000000003
961,2011-10-11,8.64,24.261,-15.620999999999999
962,2011-11-11,6.284,17.912,-11.628
963,2011-12-11,4.582,15.022,-10.440000000000001
964,2011-11-13,3.927,14.283,-10.356
965,2011-11-14,3.404,11.862,-8.458
966,2011-11-15,2.6180000000000003,8.043,-5.424999999999999
967,2011-11-16,1.964,4.627,-2.663
968,2011-11-17,1.44,2.898,-1.4580000000000002
969,2011-11-18,8.247,2.7560000000000002,5.491
970,2011-11-19,36.785,38.626,-1.841000000000001
971,2011-11-20,20.553,30.133000000000003,-9.580000000000002
972,2011-11-21,9.425,17.082,-7.657
973,2011-11-22,5.76,10.827,-5.067
974,2011-11-23,6.415,6.465,-0.04999999999999982
975,2011-11-24,14.269,14.673,-0.4039999999999999
976,2011-11-25,22.516,30.264,-7.748000000000001
977,2011-11-26,16.625,15.889000000000001,0.7359999999999989
978,2011-11-27,89.28,75.05199999999999,14.228000000000009
979,2011-11-28,23.171,30.406,-7.234999999999999
980,2011-11-29,30.24,10.777000000000001,19.462999999999997
981,2011-11-30,35.476,34.836999999999996,0.6390000000000029
982,2011-01-12,19.767,22.463,-2.6960000000000015
983,2011-02-12,9.033,10.395,-1.362
984,2011-03-12,7.462000000000001,5.026,2.436000000000001
985,2011-04-12,6.415,2.99,3.425
986,2011-05-12,4.713,2.286,2.427
987,2011-06-12,3.665,1.709,1.956
988,2011-07-12,2.7489999999999997,1.3259999999999998,1.4229999999999998
989,2011-08-12,2.225,1.025,1.2000000000000002
990,2011-09-12,2.356,0.9670000000000001,1.3889999999999998
991,2011-10-12,2.7489999999999997,1.078,1.6709999999999996
992,2011-11-12,2.225,0.992,1.233
993,2011-12-12,2.225,1.54,0.685
994,2011-12-13,2.356,2.188,0.1679999999999997
995,2011-12-14,3.273,2.177,1.096
996,2011-12-15,3.535,2.484,1.0510000000000002
997,2011-12-16,2.7489999999999997,2.5660000000000003,0.18299999999999939
998,2011-12-17,1.8330000000000002,1.983,-0.1499999999999999
999,2011-12-18,1.3090000000000002,1.419,-0.10999999999999988
1000,2011-12-19,1.047,1.013,0.03400000000000003
1001,2011-12-20,0.9159999999999999,0.866,0.04999999999999993
1002,2011-12-21,0.785,0.752,0.03300000000000003
1003,2011-12-22,0.785,0.68,0.10499999999999998
1004,2011-12-23,2.88,2.622,0.258
1005,2011-12-24,4.582,3.8710000000000004,0.7109999999999994
1006,2011-12-25,8.378,3.1069999999999998,5.271000000000001
1007,2011-12-26,32.335,5.849,26.486
1008,2011-12-27,70.036,17.804000000000002,52.232
1009,2011-12-28,27.36,15.192,12.168
1010,2011-12-29,15.185,7.808,7.377000000000001
1011,2011-12-30,9.033,4.827,4.2059999999999995
1012,2011-12-31,5.367000000000001,2.645,2.722000000000001
1013,2012-01-01,6.415,1.965,4.45
1014,2012-02-01,5.76,2.835,2.925
1015,2012-03-01,4.4510000000000005,3.2960000000000003,1.1550000000000002
1016,2012-04-01,4.189,2.492,1.697
1017,2012-05-01,3.535,1.946,1.5890000000000002
1018,2012-06-01,2.7489999999999997,1.4140000000000001,1.3349999999999995
1019,2012-07-01,2.6180000000000003,1.11,1.5080000000000002
1020,2012-08-01,2.6180000000000003,1.571,1.0470000000000004
1021,2012-09-01,2.356,1.757,0.599
1022,2012-10-01,3.011,1.78,1.231
1023,2012-11-01,5.891,4.593,1.298
1024,2012-12-01,8.902000000000001,5.684,3.218000000000001
1025,2012-01-13,5.629,3.242,2.3869999999999996
1026,2012-01-14,3.273,2.22,1.053
1027,2012-01-15,2.356,1.58,0.7759999999999998
1028,2012-01-16,1.8330000000000002,1.149,0.6840000000000002
1029,2012-01-17,1.44,0.9640000000000001,0.47599999999999987
1030,2012-01-18,1.3090000000000002,0.8740000000000001,0.43500000000000005
1031,2012-01-19,1.8330000000000002,1.01,0.8230000000000002
1032,2012-01-20,1.8330000000000002,1.079,0.7540000000000002
1033,2012-01-21,1.571,0.909,0.6619999999999999
1034,2012-01-22,1.3090000000000002,0.8440000000000001,0.4650000000000001
1035,2012-01-23,1.047,0.763,0.2839999999999999
1036,2012-01-24,0.9159999999999999,0.664,0.2519999999999999
1037,2012-01-25,0.785,0.575,0.21000000000000008
1038,2012-01-26,0.655,0.49,0.16500000000000004
1039,2012-01-27,0.655,0.41700000000000004,0.238
1040,2012-01-28,0.524,0.355,0.16900000000000004
1041,2012-01-29,0.524,0.303,0.22100000000000003
1042,2012-01-30,0.39299999999999996,0.258,0.13499999999999995
1043,2012-01-31,0.39299999999999996,0.22,0.17299999999999996
1044,2012-01-02,0.39299999999999996,0.187,0.20599999999999996
1045,2012-02-02,0.39299999999999996,0.159,0.23399999999999996
1046,2012-03-02,0.39299999999999996,0.18899999999999997,0.204
1047,2012-04-02,0.39299999999999996,0.209,0.18399999999999997
1048,2012-05-02,0.39299999999999996,0.17800000000000002,0.21499999999999994
1049,2012-06-02,0.39299999999999996,0.17800000000000002,0.21499999999999994
1050,2012-07-02,0.39299999999999996,0.18600000000000003,0.20699999999999993
1051,2012-08-02,0.262,0.16699999999999998,0.09500000000000003
1052,2012-09-02,0.262,0.142,0.12000000000000002
1053,2012-10-02,0.262,0.121,0.14100000000000001
1054,2012-11-02,0.262,0.10400000000000001,0.158
1055,2012-12-02,0.262,0.11699999999999999,0.14500000000000002
1056,2012-02-13,0.262,0.14,0.122
1057,2012-02-14,0.262,0.149,0.11300000000000002
1058,2012-02-15,0.39299999999999996,0.212,0.18099999999999997
1059,2012-02-16,0.39299999999999996,0.26899999999999996,0.124
1060,2012-02-17,0.524,0.298,0.22600000000000003
1061,2012-02-18,0.785,0.37799999999999995,0.4070000000000001
1062,2012-02-19,1.047,0.645,0.4019999999999999
1063,2012-02-20,1.047,0.7070000000000001,0.33999999999999986
1064,2012-02-21,1.571,0.784,0.7869999999999999
1065,2012-02-22,3.142,0.983,2.159
1066,2012-02-23,3.927,1.516,2.411
1067,2012-02-24,7.2,2.281,4.9190000000000005
1068,2012-02-25,5.105,2.395,2.7100000000000004
1069,2012-02-26,2.7489999999999997,1.954,0.7949999999999997
1070,2012-02-27,1.964,1.4780000000000002,0.48599999999999977
1071,2012-02-28,19.636,5.343999999999999,14.292
1072,2012-02-29,19.898,10.115,9.783
1073,2012-01-03,13.091,8.913,4.177999999999999
1074,2012-02-03,7.593,5.574,2.019
1075,2012-03-03,4.189,3.299,0.8900000000000001
1076,2012-04-03,2.6180000000000003,2.571,0.04700000000000015
1077,2012-05-03,1.8330000000000002,2.008,-0.17499999999999982
1078,2012-06-03,1.44,1.546,-0.1060000000000001
1079,2012-07-03,1.3090000000000002,1.2570000000000001,0.052000000000000046
1080,2012-08-03,1.178,1.16,0.018000000000000016
1081,2012-09-03,3.142,1.359,1.783
1082,2012-10-03,6.938,2.21,4.728
1083,2012-11-03,4.582,2.544,2.038
1084,2012-12-03,4.32,2.329,1.991
1085,2012-03-13,7.2,2.988,4.212
1086,2012-03-14,6.938,3.9960000000000004,2.9419999999999993
1087,2012-03-15,4.189,3.7239999999999998,0.4650000000000003
1088,2012-03-16,3.142,2.8560000000000003,0.2859999999999996
1089,2012-03-17,6.415,3.2910000000000004,3.1239999999999997
1090,2012-03-18,4.058,3.115,0.9429999999999996
1091,2012-03-19,3.011,2.234,0.7770000000000001
1092,2012-03-20,6.284,1.984,4.3
1093,2012-03-21,17.149,3.284,13.865000000000002
1094,2012-03-22,15.185,7.5920000000000005,7.593
1095,2012-03-23,9.164,8.425,0.738999999999999
1096,2012-03-24,5.367000000000001,7.962999999999999,-2.5959999999999983
1097,2012-03-25,3.7960000000000003,7.693,-3.8969999999999994
1098,2012-03-26,3.142,7.9479999999999995,-4.805999999999999
1099,2012-03-27,5.105,8.086,-2.981
1100,2012-03-28,9.295,7.922000000000001,1.3729999999999993
1101,2012-03-29,7.985,6.16,1.8250000000000002
1102,2012-03-30,4.713,3.3989999999999996,1.3140000000000005
1103,2012-03-31,3.142,2.244,0.8979999999999997
1104,2012-01-04,2.487,1.6219999999999999,0.8650000000000002
1105,2012-02-04,1.964,1.169,0.7949999999999999
1106,2012-03-04,1.571,0.9620000000000001,0.6089999999999999
1107,2012-04-04,1.178,0.82,0.358
1108,2012-05-04,1.178,0.7140000000000001,0.46399999999999986
1109,2012-06-04,1.178,0.7070000000000001,0.47099999999999986
1110,2012-07-04,1.047,0.675,0.3719999999999999
1111,2012-08-04,0.9159999999999999,0.578,0.33799999999999997
1112,2012-09-04,0.785,0.512,0.273
1113,2012-10-04,0.9159999999999999,0.5579999999999999,0.358
1114,2012-11-04,1.047,0.895,0.1519999999999999
1115,2012-12-04,1.047,1.255,-0.20799999999999996
1116,2012-04-13,0.9159999999999999,1.493,-0.5770000000000002
1117,2012-04-14,0.9159999999999999,1.84,-0.9240000000000002
1118,2012-04-15,0.9159999999999999,1.781,-0.865
1119,2012-04-16,0.785,1.306,-0.521
1120,2012-04-17,0.785,0.905,-0.12
1121,2012-04-18,0.655,0.768,-0.11299999999999999
1122,2012-04-19,0.655,0.672,-0.017000000000000015
1123,2012-04-20,0.655,1.026,-0.371
1124,2012-04-21,0.655,1.14,-0.4849999999999999
1125,2012-04-22,0.524,1.107,-0.583
1126,2012-04-23,0.655,1.725,-1.07
1127,2012-04-24,0.655,2.42,-1.765
1128,2012-04-25,0.785,3.0839999999999996,-2.2989999999999995
1129,2012-04-26,1.047,4.178999999999999,-3.1319999999999997
1130,2012-04-27,1.571,6.763,-5.192
1131,2012-04-28,1.964,5.602,-3.6380000000000003
1132,2012-04-29,1.44,2.7289999999999996,-1.2889999999999997
1133,2012-04-30,1.3090000000000002,2.803,-1.4939999999999998
1134,2012-01-05,1.44,5.247000000000001,-3.807000000000001
1135,2012-02-05,2.095,8.017999999999999,-5.922999999999998
1136,2012-03-05,2.6180000000000003,9.886000000000001,-7.268000000000001
1137,2012-04-05,2.6180000000000003,9.412,-6.7940000000000005
1138,2012-05-05,2.6180000000000003,5.84,-3.2219999999999995
1139,2012-06-05,1.964,2.864,-0.8999999999999999
1140,2012-07-05,1.571,2.09,-0.5189999999999999
1141,2012-08-05,1.3090000000000002,1.699,-0.3899999999999999
1142,2012-09-05,1.571,1.618,-0.04700000000000015
1143,2012-10-05,1.964,1.7719999999999998,0.19200000000000017
1144,2012-11-05,1.964,2.449,-0.4849999999999999
1145,2012-12-05,2.6180000000000003,3.03,-0.4119999999999995
1146,2012-05-13,2.487,2.589,-0.10199999999999987
1147,2012-05-14,8.902000000000001,4.386,4.516000000000001
1148,2012-05-15,5.497999999999999,5.841,-0.34300000000000086
1149,2012-05-16,3.273,4.199,-0.9259999999999997
1150,2012-05-17,2.88,6.085,-3.205
1151,2012-05-18,2.88,5.916,-3.0360000000000005
1152,2012-05-19,2.6180000000000003,3.2769999999999997,-0.6589999999999994
1153,2012-05-20,2.88,2.986,-0.10600000000000032
1154,2012-05-21,9.164,6.099,3.0649999999999995
1155,2012-05-22,27.884,11.263,16.621000000000002
1156,2012-05-23,32.596,15.372,17.223999999999997
1157,2012-05-24,29.324,18.417,10.907
1158,2012-05-25,27.622,21.434,6.187999999999999
1159,2012-05-26,27.753,24.334,3.4190000000000005
1160,2012-05-27,27.622,23.766,3.8560000000000016
1161,2012-05-28,25.526999999999997,23.65,1.876999999999999
1162,2012-05-29,18.458,19.016,-0.5579999999999998
1163,2012-05-30,12.175,13.165,-0.9899999999999984
1164,2012-05-31,9.818,9.612,0.20599999999999952
1165,2012-01-06,7.724,6.584,1.1400000000000006
1166,2012-02-06,6.022,3.667,2.3550000000000004
1167,2012-03-06,4.975,2.898,2.0769999999999995
1168,2012-04-06,4.32,3.557,0.7630000000000003
1169,2012-05-06,5.367000000000001,7.795,-2.427999999999999
1170,2012-06-06,5.629,7.4910000000000005,-1.862000000000001
1171,2012-07-06,4.975,6.875,-1.9000000000000004
1172,2012-08-06,6.415,11.725999999999999,-5.310999999999999
1173,2012-09-06,10.865,15.833,-4.968
1174,2012-10-06,12.96,17.299,-4.338999999999999
1175,2012-11-06,13.484000000000002,18.882,-5.398
1176,2012-12-06,15.447000000000001,27.096999999999998,-11.649999999999997
1177,2012-06-13,20.291,25.648000000000003,-5.357000000000003
1178,2012-06-14,19.898,22.243000000000002,-2.3450000000000024
1179,2012-06-15,14.007,16.467,-2.459999999999999
1180,2012-06-16,19.636,14.424000000000001,5.211999999999998
1181,2012-06-17,28.276,21.424,6.852
1182,2012-06-18,24.873,26.662,-1.788999999999998
1183,2012-06-19,19.898,20.9,-1.001999999999999
1184,2012-06-20,18.327,19.504,-1.1769999999999996
1185,2012-06-21,19.505,20.041,-0.5360000000000014
1186,2012-06-22,28.145,29.348000000000003,-1.203000000000003
1187,2012-06-23,39.535,27.29,12.244999999999997
1188,2012-06-24,45.556000000000004,22.947,22.609000000000005
1189,2012-06-25,36.262,24.021,12.241
1190,2012-06-26,28.015,25.956999999999997,2.0580000000000034
1191,2012-06-27,22.778000000000002,18.465,4.313000000000002
1192,2012-06-28,22.124000000000002,17.762,4.362000000000002
1193,2012-06-29,36.0,29.276999999999997,6.7230000000000025
1194,2012-06-30,62.443999999999996,39.42,23.023999999999994
1195,2012-01-07,69.64399999999999,40.705,28.938999999999993
1196,2012-02-07,53.411,41.277,12.134
1197,2012-03-07,36.785,24.377,12.407999999999998
1198,2012-04-07,41.367,26.051,15.315999999999999
1199,2012-05-07,48.567,32.305,16.262
1200,2012-06-07,46.08,40.614000000000004,5.465999999999994
1201,2012-07-07,57.207,53.573,3.6340000000000003
1202,2012-08-07,51.446999999999996,48.397,3.049999999999997
1203,2012-09-07,40.975,35.448,5.527000000000001
1204,2012-10-07,37.047,40.186,-3.139000000000003
1205,2012-11-07,39.141999999999996,51.721000000000004,-12.579000000000008
1206,2012-12-07,33.905,42.659,-8.753999999999998
1207,2012-07-13,30.895,33.065,-2.169999999999998
1208,2012-07-14,29.585,22.266,7.319000000000003
1209,2012-07-15,26.313000000000002,23.315,2.998000000000001
1210,2012-07-16,22.909000000000002,23.623,-0.7139999999999986
1211,2012-07-17,25.658,20.747,4.911000000000001
1212,2012-07-18,24.349,20.504,3.844999999999999
1213,2012-07-19,18.982,26.163,-7.181000000000001
1214,2012-07-20,18.195999999999998,30.166999999999998,-11.971
1215,2012-07-21,18.72,23.069000000000003,-4.349000000000004
1216,2012-07-22,30.895,23.334,7.561
1217,2012-07-23,73.44,67.77600000000001,5.663999999999987
1218,2012-07-24,58.516000000000005,48.971000000000004,9.545000000000002
1219,2012-07-25,47.126999999999995,39.506,7.620999999999995
1220,2012-07-26,34.56,29.254,5.306000000000001
1221,2012-07-27,27.491,32.984,-5.493000000000002
1222,2012-07-28,38.486999999999995,44.479,-5.992000000000004
1223,2012-07-29,32.073,32.914,-0.8410000000000011
1224,2012-07-30,23.956,24.518,-0.5620000000000012
1225,2012-07-31,20.422,31.325,-10.902999999999999
1226,2012-01-08,21.338,33.313,-11.975000000000001
1227,2012-02-08,32.465,37.623000000000005,-5.158000000000001
1228,2012-03-08,36.524,41.87,-5.3459999999999965
1229,2012-04-08,28.406999999999996,30.701,-2.294000000000004
1230,2012-05-08,21.338,30.753,-9.415
1231,2012-06-08,19.113,31.528000000000002,-12.415000000000003
1232,2012-07-08,19.898,35.662,-15.764
1233,2012-08-08,20.815,27.465,-6.649999999999999
1234,2012-09-08,19.375,23.691999999999997,-4.316999999999997
1235,2012-10-08,17.673,20.252,-2.5790000000000006
1236,2012-11-08,16.887,25.901,-9.014
1237,2012-12-08,18.195999999999998,39.063,-20.867000000000004
1238,2012-08-13,25.004,47.6,-22.596
1239,2012-08-14,27.098000000000003,48.174,-21.075999999999997
1240,2012-08-15,26.967,41.582,-14.615000000000002
1241,2012-08-16,23.825,43.776,-19.951000000000004
1242,2012-08-17,29.061999999999998,39.899,-10.837000000000003
1243,2012-08-18,48.305,52.567,-4.2620000000000005
1244,2012-08-19,54.458,59.357,-4.899000000000001
1245,2012-08-20,36.131,40.367,-4.235999999999997
1246,2012-08-21,32.465,41.894,-9.428999999999995
1247,2012-08-22,29.324,37.023,-7.699000000000002
1248,2012-08-23,26.444000000000003,40.91,-14.465999999999994
1249,2012-08-24,23.695,30.322,-6.626999999999999
1250,2012-08-25,18.589000000000002,21.913,-3.323999999999998
1251,2012-08-26,16.364,29.686999999999998,-13.322999999999997
1252,2012-08-27,14.662,23.916,-9.254
1253,2012-08-28,43.985,28.897,15.088000000000001
1254,2012-08-29,44.11600000000001,47.724,-3.60799999999999
1255,2012-08-30,57.207,50.273999999999994,6.933000000000007
1256,2012-08-31,37.571,32.788000000000004,4.782999999999994
1257,2012-01-09,20.029,23.546999999999997,-3.517999999999997
1258,2012-02-09,46.604,56.847,-10.243000000000002
1259,2012-03-09,51.971000000000004,41.443999999999996,10.527000000000008
1260,2012-04-09,58.516000000000005,39.369,19.147000000000006
1261,2012-05-09,72.131,44.175,27.956000000000003
1262,2012-06-09,28.669,19.752,8.917000000000002
1263,2012-07-09,24.873,17.589000000000002,7.283999999999999
1264,2012-08-09,19.505,19.663,-0.15800000000000125
1265,2012-09-09,17.28,18.195,-0.9149999999999991
1266,2012-10-09,36.524,28.938000000000002,7.5859999999999985
1267,2012-11-09,87.447,51.272,36.175000000000004
1268,2012-12-09,41.76,47.229,-5.469000000000001
1269,2012-09-13,22.647,21.415,1.2319999999999993
1270,2012-09-14,69.382,46.18600000000001,23.195999999999998
1271,2012-09-15,39.535,37.726,1.8089999999999975
1272,2012-09-16,29.846999999999998,25.631,4.2159999999999975
1273,2012-09-17,44.64,44.428000000000004,0.2119999999999962
1274,2012-09-18,33.382,54.836999999999996,-21.455
1275,2012-09-19,17.935,26.119,-8.184000000000001
1276,2012-09-20,14.138,14.633,-0.4949999999999992
1277,2012-09-21,9.556000000000001,8.616,0.9400000000000013
1278,2012-09-22,6.545,5.801,0.7439999999999998
1279,2012-09-23,5.105,5.17,-0.0649999999999995
1280,2012-09-24,4.32,8.023,-3.7029999999999994
1281,2012-09-25,4.058,10.955,-6.897
1282,2012-09-26,5.629,12.569,-6.940000000000001
1283,2012-09-27,5.76,13.675,-7.915000000000001
1284,2012-09-28,9.556000000000001,13.261,-3.7049999999999983
1285,2012-09-29,17.28,42.715,-25.435000000000002
1286,2012-09-30,10.342,28.221,-17.878999999999998
1287,2012-01-10,28.145,39.606,-11.461000000000002
1288,2012-02-10,25.92,32.085,-6.164999999999999
1289,2012-03-10,29.978,31.101,-1.1229999999999976
1290,2012-04-10,18.589000000000002,43.232,-24.642999999999997
1291,2012-05-10,9.425,22.289,-12.864
1292,2012-06-10,6.284,15.097999999999999,-8.814
1293,2012-07-10,6.676,13.097999999999999,-6.421999999999999
1294,2012-08-10,7.331,10.508,-3.1769999999999987
1295,2012-09-10,5.76,7.11,-1.3500000000000005
1296,2012-10-10,4.058,4.14,-0.08199999999999985
1297,2012-11-10,3.273,2.68,0.593
1298,2012-12-10,2.6180000000000003,2.622,-0.0039999999999995595
1299,2012-10-13,1.964,3.0380000000000003,-1.0740000000000003
1300,2012-10-14,1.44,2.86,-1.42
1301,2012-10-15,1.44,2.658,-1.218
1302,2012-10-16,1.44,2.745,-1.3050000000000002
1303,2012-10-17,1.3090000000000002,2.753,-1.444
1304,2012-10-18,4.189,7.926,-3.737
1305,2012-10-19,10.604000000000001,16.756,-6.151999999999999
1306,2012-10-20,16.625,19.192999999999998,-2.567999999999998
1307,2012-10-21,14.4,31.554000000000002,-17.154000000000003
1308,2012-10-22,6.284,20.384,-14.100000000000001
1309,2012-10-23,3.665,14.577,-10.911999999999999
1310,2012-10-24,2.88,12.347000000000001,-9.467000000000002
1311,2012-10-25,2.356,8.14,-5.784000000000001
1312,2012-10-26,1.964,3.892,-1.928
1313,2012-10-27,1.702,2.373,-0.6710000000000003
1314,2012-10-28,1.3090000000000002,1.669,-0.3599999999999999
1315,2012-10-29,1.178,1.28,-0.10200000000000009
1316,2012-10-30,1.178,1.025,0.15300000000000002
1317,2012-10-31,1.44,0.9209999999999999,0.519
1318,2012-01-11,3.665,7.03,-3.365
1319,2012-02-11,2.7489999999999997,10.144,-7.3950000000000005
1320,2012-03-11,1.702,6.426,-4.724
1321,2012-04-11,1.178,4.654,-3.476
1322,2012-05-11,1.047,3.137,-2.09
1323,2012-06-11,0.9159999999999999,2.2119999999999997,-1.2959999999999998
1324,2012-07-11,1.3090000000000002,1.617,-0.30799999999999983
1325,2012-08-11,8.64,3.353,5.287000000000001
1326,2012-09-11,4.713,4.439,0.274
1327,2012-10-11,5.629,7.47,-1.8410000000000002
1328,2012-11-11,3.927,12.254000000000001,-8.327000000000002
1329,2012-12-11,2.6180000000000003,9.272,-6.654
1330,2012-11-13,3.665,4.127,-0.46199999999999974
1331,2012-11-14,27.229,19.649,7.579999999999998
1332,2012-11-15,14.662,22.509,-7.8469999999999995
1333,2012-11-16,8.64,14.753,-6.1129999999999995
1334,2012-11-17,7.462000000000001,13.2,-5.737999999999999
1335,2012-11-18,5.105,11.707,-6.602
1336,2012-11-19,4.058,6.843,-2.785
1337,2012-11-20,6.284,5.015,1.2690000000000001
1338,2012-11-21,26.182,12.567,13.614999999999998
1339,2012-11-22,17.935,22.47,-4.535
1340,2012-11-23,15.447000000000001,20.869,-5.421999999999999
1341,2012-11-24,8.116,15.504000000000001,-7.388000000000002
1342,2012-11-25,4.189,8.492,-4.303000000000001
1343,2012-11-26,2.6180000000000003,4.127,-1.5089999999999995
1344,2012-11-27,2.095,2.679,-0.5839999999999996
1345,2012-11-28,1.964,2.092,-0.1280000000000001
1346,2012-11-29,1.702,1.584,0.11799999999999988
1347,2012-11-30,1.44,1.13,0.31000000000000005
1348,2012-01-12,1.178,0.941,0.237
1349,2012-02-12,1.047,0.81,0.23699999999999988
1350,2012-03-12,0.9159999999999999,0.6940000000000001,0.22199999999999986
1351,2012-04-12,0.785,0.591,0.19400000000000006
1352,2012-05-12,0.785,0.502,0.28300000000000003
1353,2012-06-12,0.655,0.42700000000000005,0.22799999999999998
1354,2012-07-12,0.524,0.363,0.16100000000000003
1355,2012-08-12,0.524,0.309,0.21500000000000002
1356,2012-09-12,0.524,0.295,0.22900000000000004
1357,2012-10-12,0.39299999999999996,0.281,0.11199999999999993
1358,2012-11-12,0.39299999999999996,0.239,0.15399999999999997
1359,2012-12-12,0.39299999999999996,0.203,0.18999999999999995
1360,2012-12-13,0.39299999999999996,0.17300000000000001,0.21999999999999995
1361,2012-12-14,0.262,0.147,0.11500000000000002
1362,2012-12-15,0.262,0.125,0.137
1363,2012-12-16,0.262,0.111,0.15100000000000002
1364,2012-12-17,0.39299999999999996,0.293,0.09999999999999998
1365,2012-12-18,0.262,0.542,-0.28
1366,2012-12-19,0.262,0.456,-0.194
1367,2012-12-20,0.262,0.374,-0.11199999999999999
1368,2012-12-21,0.262,0.316,-0.05399999999999999
1369,2012-12-22,0.262,0.268,-0.006000000000000005
1370,2012-12-23,0.262,0.231,0.031
1371,2012-12-24,0.131,0.20199999999999999,-0.07099999999999998
1372,2012-12-25,0.262,0.233,0.028999999999999998
1373,2012-12-26,0.262,1.04,-0.778
1374,2012-12-27,0.262,1.466,-1.204
1375,2012-12-28,0.262,0.993,-0.731
1376,2012-12-29,0.9159999999999999,0.785,0.1309999999999999
1377,2012-12-30,3.535,12.902000000000001,-9.367
1378,2012-12-31,2.356,15.439,-13.083
1379,2013-01-01,3.665,9.712,-6.047
1380,2013-02-01,1.44,6.445,-5.005000000000001
1381,2013-03-01,3.404,3.858,-0.4540000000000002
1382,2013-04-01,4.713,3.745,0.968
1383,2013-05-01,4.975,4.6739999999999995,0.30100000000000016
1384,2013-06-01,4.058,4.898,-0.8399999999999999
1385,2013-07-01,6.153,4.149,2.0039999999999996
1386,2013-08-01,6.022,5.566,0.4560000000000004
1387,2013-09-01,3.011,4.993,-1.9820000000000002
1388,2013-10-01,1.8330000000000002,2.741,-0.9079999999999999
1389,2013-11-01,1.178,1.89,-0.712
1390,2013-12-01,0.9159999999999999,1.308,-0.3920000000000001
1391,2013-01-13,0.785,0.9620000000000001,-0.17700000000000005
1392,2013-01-14,0.655,0.8270000000000001,-0.17200000000000004
1393,2013-01-15,0.524,0.7040000000000001,-0.18000000000000005
1394,2013-01-16,0.39299999999999996,0.6,-0.20700000000000002
1395,2013-01-17,0.39299999999999996,0.51,-0.11700000000000005
1396,2013-01-18,0.262,0.435,-0.173
1397,2013-01-19,0.262,0.37,-0.10799999999999998
1398,2013-01-20,0.262,0.315,-0.05299999999999999
1399,2013-01-21,0.131,0.268,-0.137
1400,2013-01-22,0.131,0.228,-0.097
1401,2013-01-23,0.131,0.19399999999999998,-0.06299999999999997
1402,2013-01-24,0.131,0.165,-0.034
1403,2013-01-25,0.131,0.141,-0.009999999999999981
1404,2013-01-26,0.131,0.134,-0.0030000000000000027
1405,2013-01-27,0.131,0.129,0.0020000000000000018
1406,2013-01-28,0.131,0.182,-0.05099999999999999
1407,2013-01-29,0.131,0.233,-0.10200000000000001
1408,2013-01-30,0.262,0.672,-0.41000000000000003
1409,2013-01-31,0.524,1.306,-0.782
1410,2013-01-02,0.524,1.228,-0.704
1411,2013-02-02,0.39299999999999996,0.767,-0.37400000000000005
1412,2013-03-02,0.39299999999999996,0.573,-0.18
1413,2013-04-02,0.39299999999999996,0.555,-0.1620000000000001
1414,2013-05-02,0.655,0.826,-0.17099999999999993
1415,2013-06-02,0.524,0.847,-0.32299999999999995
1416,2013-07-02,0.39299999999999996,0.642,-0.24900000000000005
1417,2013-08-02,0.39299999999999996,0.547,-0.15400000000000008
1418,2013-09-02,0.262,0.466,-0.20400000000000001
1419,2013-10-02,0.262,0.397,-0.135
1420,2013-11-02,0.262,0.33799999999999997,-0.07599999999999996
1421,2013-12-02,0.262,0.28800000000000003,-0.026000000000000023
1422,2013-02-13,0.131,0.245,-0.11399999999999999
1423,2013-02-14,0.131,0.209,-0.07799999999999999
1424,2013-02-15,0.131,0.17800000000000002,-0.047000000000000014
1425,2013-02-16,0.131,0.152,-0.02099999999999999
1426,2013-02-17,0.131,0.147,-0.015999999999999986
1427,2013-02-18,0.131,0.182,-0.05099999999999999
1428,2013-02-19,0.131,0.204,-0.07299999999999998
1429,2013-02-20,0.131,0.187,-0.055999999999999994
1430,2013-02-21,0.131,0.16,-0.028999999999999998
1431,2013-02-22,0.131,0.136,-0.0050000000000000044
1432,2013-02-23,0.131,0.129,0.0020000000000000018
1433,2013-02-24,0.131,0.179,-0.04799999999999999
1434,2013-02-25,0.131,0.263,-0.132
1435,2013-02-26,0.131,0.27699999999999997,-0.14599999999999996
1436,2013-02-27,0.131,0.243,-0.11199999999999999
1437,2013-02-28,0.131,0.289,-0.15799999999999997
1438,2013-01-03,0.131,0.33799999999999997,-0.20699999999999996
1439,2013-02-03,0.131,0.365,-0.23399999999999999
1440,2013-03-03,0.131,0.405,-0.274
1441,2013-04-03,0.131,0.396,-0.265
1442,2013-05-03,0.131,0.359,-0.22799999999999998
1443,2013-06-03,0.131,0.348,-0.21699999999999997
1444,2013-07-03,0.131,0.39799999999999996,-0.26699999999999996
1445,2013-08-03,0.131,0.406,-0.275
1446,2013-09-03,0.131,0.348,-0.21699999999999997
1447,2013-10-03,0.131,0.29600000000000004,-0.16500000000000004
1448,2013-11-03,0.131,0.252,-0.121
1449,2013-12-03,0.131,0.215,-0.08399999999999999
1450,2013-03-13,0.131,0.183,-0.05199999999999999
1451,2013-03-14,0.131,0.156,-0.024999999999999994
1452,2013-03-15,0.131,0.133,-0.0020000000000000018
1453,2013-03-16,0.131,0.113,0.018000000000000002
1454,2013-03-17,0.131,0.09699999999999999,0.034000000000000016
1455,2013-03-18,0.0,0.083,-0.083
1456,2013-03-19,0.0,0.071,-0.071
1457,2013-03-20,0.131,0.06,0.07100000000000001
1458,2013-03-21,0.131,0.051,0.08000000000000002
1459,2013-03-22,0.131,0.044000000000000004,0.087
1460,2013-03-23,0.131,0.037000000000000005,0.094
1461,2013-03-24,0.0,0.032,-0.032
1462,2013-03-25,0.0,0.027000000000000003,-0.027000000000000003
1463,2013-03-26,0.0,0.023,-0.023
1464,2013-03-27,0.0,0.02,-0.02
1465,2013-03-28,0.0,0.017,-0.017
1466,2013-03-29,0.0,0.013999999999999999,-0.013999999999999999
1467,2013-03-30,0.0,0.012,-0.012
1468,2013-03-31,0.0,0.01,-0.01
1469,2013-01-04,0.0,0.009000000000000001,-0.009000000000000001
1470,2013-02-04,0.0,0.006999999999999999,-0.006999999999999999
1471,2013-03-04,0.0,0.006999999999999999,-0.006999999999999999
1472,2013-04-04,0.0,0.009000000000000001,-0.009000000000000001
1473,2013-05-04,0.0,0.015,-0.015
1474,2013-06-04,0.0,0.031,-0.031
1475,2013-07-04,0.0,0.055999999999999994,-0.055999999999999994
1476,2013-08-04,0.0,0.065,-0.065
1477,2013-09-04,0.0,0.057,-0.057
1478,2013-10-04,0.0,0.048,-0.048
1479,2013-11-04,0.0,0.040999999999999995,-0.040999999999999995
1480,2013-12-04,0.0,0.037000000000000005,-0.037000000000000005
1481,2013-04-13,0.0,0.062,-0.062
1482,2013-04-14,0.524,0.18,0.34400000000000003
1483,2013-04-15,20.684,6.653,14.031000000000002
1484,2013-04-16,22.909000000000002,11.353,11.556000000000003
1485,2013-04-17,14.269,12.307,1.9619999999999997
1486,2013-04-18,15.84,13.034,2.805999999999999
1487,2013-04-19,8.902000000000001,10.892000000000001,-1.9900000000000002
1488,2013-04-20,3.404,6.545,-3.141
1489,2013-04-21,1.964,3.195,-1.2309999999999999
1490,2013-04-22,1.571,2.555,-0.9840000000000002
1491,2013-04-23,2.487,2.568,-0.08099999999999996
1492,2013-04-24,1.964,2.3819999999999997,-0.4179999999999997
1493,2013-04-25,1.44,2.022,-0.5819999999999999
1494,2013-04-26,1.178,1.756,-0.5780000000000001
1495,2013-04-27,0.9159999999999999,1.379,-0.4630000000000001
1496,2013-04-28,0.785,1.122,-0.3370000000000001
1497,2013-04-29,0.785,1.135,-0.35
1498,2013-04-30,0.785,1.189,-0.404
1499,2013-01-05,0.785,1.0070000000000001,-0.2220000000000001
1500,2013-02-05,0.785,0.935,-0.15000000000000002
1501,2013-03-05,0.785,0.889,-0.10399999999999998
1502,2013-04-05,0.785,0.907,-0.122
1503,2013-05-05,1.178,1.175,0.0029999999999998916
1504,2013-06-05,7.331,1.611,5.720000000000001
1505,2013-07-05,15.578,3.103,12.475
1506,2013-08-05,17.935,7.058,10.876999999999999
1507,2013-09-05,34.298,12.564,21.734
1508,2013-10-05,20.291,15.167,5.1240000000000006
1509,2013-11-05,11.913,12.097000000000001,-0.18400000000000105
1510,2013-12-05,7.985,9.5,-1.5149999999999997
1511,2013-05-13,6.153,7.8839999999999995,-1.7309999999999999
1512,2013-05-14,4.843999999999999,4.805,0.0389999999999997
1513,2013-05-15,6.676,3.1260000000000003,3.55
1514,2013-05-16,14.793,8.883,5.91
1515,2013-05-17,27.884,17.537,10.347000000000001
1516,2013-05-18,50.924,26.884,24.04
1517,2013-05-19,49.615,29.874000000000002,19.741
1518,2013-05-20,44.902,31.814,13.088000000000001
1519,2013-05-21,33.513000000000005,28.976999999999997,4.5360000000000085
1520,2013-05-22,24.48,34.275999999999996,-9.795999999999996
1521,2013-05-23,17.542,18.28,-0.7379999999999995
1522,2013-05-24,12.567,11.515,1.0519999999999996
1523,2013-05-25,10.604000000000001,12.591,-1.9869999999999983
1524,2013-05-26,12.698,19.387,-6.689
1525,2013-05-27,19.375,31.118000000000002,-11.743000000000002
1526,2013-05-28,23.04,25.111,-2.0710000000000015
1527,2013-05-29,30.633000000000003,26.615,4.018000000000004
1528,2013-05-30,33.251,30.835,2.415999999999997
1529,2013-05-31,35.345,30.416,4.9289999999999985
1530,2013-01-06,37.833,44.143,-6.310000000000002
1531,2013-02-06,39.141999999999996,44.101000000000006,-4.95900000000001
1532,2013-03-06,26.444000000000003,19.088,7.356000000000002
1533,2013-04-06,18.982,12.328,6.654
1534,2013-05-06,15.84,14.054,1.7859999999999996
1535,2013-06-06,14.138,14.735,-0.5969999999999995
1536,2013-07-06,13.091,13.095,-0.004000000000001336
1537,2013-08-06,11.651,12.302,-0.6509999999999998
1538,2013-09-06,11.782,11.097999999999999,0.684000000000001
1539,2013-10-06,13.615,15.118,-1.5030000000000001
1540,2013-11-06,15.315999999999999,25.614,-10.298000000000002
1541,2013-12-06,18.851,30.394000000000002,-11.543000000000003
1542,2013-06-13,38.356,35.791,2.565000000000005
1543,2013-06-14,42.415,43.48,-1.0649999999999977
1544,2013-06-15,27.098000000000003,21.288,5.810000000000002
1545,2013-06-16,20.16,15.917,4.243
1546,2013-06-17,17.804000000000002,16.875999999999998,0.9280000000000044
1547,2013-06-18,16.102,17.488,-1.3859999999999992
1548,2013-06-19,18.72,22.276999999999997,-3.5569999999999986
1549,2013-06-20,28.8,37.349000000000004,-8.549000000000003
1550,2013-06-21,32.204,36.2,-3.996000000000002
1551,2013-06-22,45.295,54.047,-8.751999999999995
1552,2013-06-23,42.676,38.162,4.514000000000003
1553,2013-06-24,37.047,33.082,3.9649999999999963
1554,2013-06-25,33.251,32.899,0.35199999999999676
1555,2013-06-26,28.669,23.971999999999998,4.697000000000003
1556,2013-06-27,27.098000000000003,29.718000000000004,-2.620000000000001
1557,2013-06-28,32.596,34.236,-1.6400000000000006
1558,2013-06-29,31.941999999999997,42.271,-10.329000000000004
1559,2013-06-30,21.993000000000002,23.27,-1.2769999999999975
1560,2013-01-07,20.815,23.649,-2.8339999999999996
1561,2013-02-07,26.313000000000002,31.921999999999997,-5.608999999999995
1562,2013-03-07,23.433000000000003,21.63,1.8030000000000044
1563,2013-04-07,36.262,27.816999999999997,8.445000000000004
1564,2013-05-07,45.818000000000005,39.411,6.407000000000004
1565,2013-06-07,31.549,26.008000000000003,5.540999999999997
1566,2013-07-07,33.12,33.464,-0.3440000000000012
1567,2013-08-07,30.371,27.125999999999998,3.245000000000001
1568,2013-09-07,27.884,30.197,-2.312999999999999
1569,2013-10-07,34.691,28.017,6.674000000000003
1570,2013-11-07,24.349,30.976999999999997,-6.627999999999997
1571,2013-12-07,19.244,38.84,-19.596000000000004
1572,2013-07-13,19.505,42.838,-23.333000000000002
1573,2013-07-14,24.741999999999997,25.995,-1.2530000000000037
1574,2013-07-15,35.476,24.296999999999997,11.179000000000002
1575,2013-07-16,42.938,28.906999999999996,14.031000000000006
1576,2013-07-17,51.84,35.547,16.293000000000006
1577,2013-07-18,54.065,35.012,19.052999999999997
1578,2013-07-19,64.931,42.147,22.784
1579,2013-07-20,41.236000000000004,36.063,5.173000000000002
1580,2013-07-21,35.345,43.61,-8.265
1581,2013-07-22,28.145,50.869,-22.724
1582,2013-07-23,27.491,53.619,-26.128
1583,2013-07-24,29.715999999999998,54.005,-24.289000000000005
1584,2013-07-25,33.513000000000005,53.38,-19.866999999999997
1585,2013-07-26,37.44,49.038999999999994,-11.598999999999997
1586,2013-07-27,35.215,62.312,-27.096999999999994
1587,2013-07-28,38.095,49.946000000000005,-11.851000000000006
1588,2013-07-29,55.898,42.526,13.372
1589,2013-07-30,49.615,41.126999999999995,8.488000000000007
1590,2013-07-31,43.331,48.876999999999995,-5.545999999999992
1591,2013-01-08,31.68,32.198,-0.5180000000000007
1592,2013-02-08,42.153,33.155,8.997999999999998
1593,2013-03-08,81.818,53.26,28.558
1594,2013-04-08,58.647,61.629,-2.9819999999999993
1595,2013-05-08,62.967,52.497,10.469999999999999
1596,2013-06-08,92.945,58.222,34.72299999999999
1597,2013-07-08,47.258,55.828,-8.57
1598,2013-08-08,27.491,36.185,-8.694000000000003
1599,2013-09-08,22.255,32.457,-10.202000000000002
1600,2013-10-08,16.364,25.037,-8.672999999999998
1601,2013-11-08,15.709000000000001,28.541999999999998,-12.832999999999997
1602,2013-12-08,15.447000000000001,23.949,-8.502
1603,2013-08-13,14.138,25.096,-10.958
1604,2013-08-14,15.055,20.788,-5.7330000000000005
1605,2013-08-15,14.007,19.641,-5.633999999999999
1606,2013-08-16,74.35600000000001,44.486000000000004,29.870000000000005
1607,2013-08-17,56.291000000000004,85.038,-28.746999999999993
1608,2013-08-18,85.09100000000001,59.672,25.41900000000001
1609,2013-08-19,60.218,57.655,2.5630000000000024
1610,2013-08-20,33.644,29.685,3.9589999999999996
1611,2013-08-21,25.265,20.23,5.035
1612,2013-08-22,19.244,19.874000000000002,-0.6300000000000026
1613,2013-08-23,17.28,33.266999999999996,-15.986999999999995
1614,2013-08-24,21.469,38.427,-16.958
1615,2013-08-25,21.076,36.021,-14.945
1616,2013-08-26,18.589000000000002,32.859,-14.27
1617,2013-08-27,17.410999999999998,33.611999999999995,-16.200999999999997
1618,2013-08-28,19.113,35.412,-16.299
1619,2013-08-29,16.102,22.381999999999998,-6.279999999999998
1620,2013-08-30,13.615,21.831999999999997,-8.216999999999997
1621,2013-08-31,29.061999999999998,41.553000000000004,-12.491000000000007
1622,2013-01-09,39.141999999999996,31.404,7.737999999999996
1623,2013-02-09,39.927,41.016000000000005,-1.0890000000000057
1624,2013-03-09,25.265,31.035999999999998,-5.770999999999997
1625,2013-04-09,17.804000000000002,27.328000000000003,-9.524000000000001
1626,2013-05-09,25.004,33.556,-8.551999999999996
1627,2013-06-09,60.48,35.628,24.851999999999997
1628,2013-07-09,76.189,75.334,0.8549999999999898
1629,2013-08-09,50.269,52.62,-2.350999999999999
1630,2013-09-09,37.833,37.808,0.02499999999999858
1631,2013-10-09,31.025,34.128,-3.1030000000000015
1632,2013-11-09,25.789,31.336,-5.546999999999997
1633,2013-12-09,20.553,30.910999999999998,-10.357999999999997
1634,2013-09-13,20.16,29.76,-9.600000000000001
1635,2013-09-14,30.764,28.441,2.3230000000000004
1636,2013-09-15,36.0,41.215,-5.215000000000003
1637,2013-09-16,42.545,40.079,2.466000000000001
1638,2013-09-17,18.065,20.555,-2.4899999999999984
1639,2013-09-18,11.258,15.022,-3.764000000000001
1640,2013-09-19,8.116,15.253,-7.1370000000000005
1641,2013-09-20,6.022,15.003,-8.981
1642,2013-09-21,5.891,16.407,-10.516
1643,2013-09-22,16.756,37.248000000000005,-20.492000000000004
1644,2013-09-23,16.102,26.608,-10.506
1645,2013-09-24,8.509,17.726,-9.216999999999999
1646,2013-09-25,5.76,15.775,-10.015
1647,2013-09-26,4.32,14.495999999999999,-10.175999999999998
1648,2013-09-27,3.535,11.595,-8.06
1649,2013-09-28,2.88,9.717,-6.837000000000001
1650,2013-09-29,2.356,11.182,-8.826
1651,2013-09-30,1.964,13.05,-11.086
1652,2013-01-10,1.702,14.479000000000001,-12.777000000000001
1653,2013-02-10,1.44,14.904000000000002,-13.464000000000002
1654,2013-03-10,1.178,13.401,-12.222999999999999
1655,2013-04-10,1.178,13.373,-12.195
1656,2013-05-10,22.255,35.137,-12.882000000000001
1657,2013-06-10,20.684,27.962,-7.277999999999999
1658,2013-07-10,32.989000000000004,32.486999999999995,0.5020000000000095
1659,2013-08-10,52.233000000000004,42.258,9.975000000000001
1660,2013-09-10,58.123999999999995,44.534,13.589999999999996
1661,2013-10-10,22.778000000000002,21.002,1.7760000000000034
1662,2013-11-10,12.567,13.14,-0.5730000000000004
1663,2013-12-10,8.902000000000001,16.38,-7.477999999999998
1664,2013-10-13,7.985,30.764,-22.779
1665,2013-10-14,6.938,30.28,-23.342000000000002
1666,2013-10-15,5.105,20.37,-15.265
1667,2013-10-16,3.927,16.641,-12.713999999999999
1668,2013-10-17,3.142,13.363,-10.221
1669,2013-10-18,2.356,8.607000000000001,-6.251000000000001
1670,2013-10-19,1.964,4.935,-2.9709999999999996
1671,2013-10-20,1.571,3.622,-2.051
1672,2013-10-21,1.178,3.0069999999999997,-1.8289999999999997
1673,2013-10-22,34.821999999999996,2.593,32.229
1674,2013-10-23,94.647,77.71600000000001,16.930999999999997
1675,2013-10-24,72.0,72.991,-0.9909999999999997
1676,2013-10-25,27.098000000000003,26.691,0.4070000000000036
1677,2013-10-26,36.393,18.081,18.312
1678,2013-10-27,30.371,27.765,2.605999999999998
1679,2013-10-28,23.825,35.366,-11.541
1680,2013-10-29,16.364,26.274,-9.91
1681,2013-10-30,9.687000000000001,17.546,-7.858999999999998
1682,2013-10-31,8.116,12.132,-4.016
1683,2013-01-11,9.033,10.657,-1.6240000000000006
1684,2013-02-11,8.64,10.12,-1.4799999999999986
1685,2013-03-11,6.545,7.5489999999999995,-1.0039999999999996
1686,2013-04-11,4.843999999999999,5.882000000000001,-1.0380000000000011
1687,2013-05-11,4.189,4.494,-0.3049999999999997
1688,2013-06-11,3.273,3.028,0.2450000000000001
1689,2013-07-11,2.7489999999999997,2.42,0.32899999999999974
1690,2013-08-11,3.404,2.864,0.54
1691,2013-09-11,4.582,4.683,-0.10099999999999998
1692,2013-10-11,3.011,3.866,-0.855
1693,2013-11-11,2.095,2.383,-0.2879999999999998
1694,2013-12-11,3.665,2.765,0.8999999999999999
1695,2013-11-13,3.665,3.787,-0.12199999999999989
1696,2013-11-14,3.142,3.108,0.03399999999999981
1697,2013-11-15,4.32,3.9539999999999997,0.36600000000000055
1698,2013-11-16,30.633000000000003,7.9270000000000005,22.706000000000003
1699,2013-11-17,26.575,9.512,17.063
1700,2013-11-18,10.735,6.364,4.3709999999999996
1701,2013-11-19,6.938,3.325,3.6129999999999995
1702,2013-11-20,4.32,2.344,1.9760000000000004
1703,2013-11-21,3.404,1.655,1.7489999999999999
1704,2013-11-22,2.6180000000000003,1.185,1.4330000000000003
1705,2013-11-23,2.095,0.9309999999999999,1.1640000000000001
1706,2013-11-24,1.8330000000000002,0.826,1.0070000000000001
1707,2013-11-25,1.44,0.737,0.703
1708,2013-11-26,1.3090000000000002,0.6629999999999999,0.6460000000000002
1709,2013-11-27,7.069,2.74,4.329
1710,2013-11-28,10.472999999999999,4.9239999999999995,5.5489999999999995
1711,2013-11-29,5.629,3.1,2.5289999999999995
1712,2013-11-30,3.927,1.999,1.928
1713,2013-01-12,5.497999999999999,1.84,3.6579999999999995
1714,2013-02-12,3.535,1.663,1.872
1715,2013-03-12,10.211,1.406,8.805
1716,2013-04-12,7.593,1.3630000000000002,6.2299999999999995
1717,2013-05-12,5.236000000000001,1.329,3.907000000000001
1718,2013-06-12,3.927,1.36,2.567
1719,2013-07-12,3.404,1.171,2.2329999999999997
1720,2013-08-12,3.273,0.973,2.3000000000000003
1721,2013-09-12,3.273,2.224,1.049
1722,2013-10-12,10.211,8.527000000000001,1.6839999999999993
1723,2013-11-12,9.425,10.558,-1.1329999999999991
1724,2013-12-12,20.422,9.527999999999999,10.894000000000002
1725,2013-12-13,14.138,7.257000000000001,6.880999999999999
1726,2013-12-14,15.578,6.361000000000001,9.216999999999999
1727,2013-12-15,9.556000000000001,7.063,2.493000000000001
1728,2013-12-16,14.007,6.7589999999999995,7.248
1729,2013-12-17,8.902000000000001,5.609,3.293000000000001
1730,2013-12-18,4.713,3.497,1.2160000000000002
1731,2013-12-19,3.665,2.605,1.06
1732,2013-12-20,3.273,2.338,0.935
1733,2013-12-21,5.105,2.065,3.0400000000000005
1734,2013-12-22,6.284,3.41,2.8739999999999997
1735,2013-12-23,4.32,4.0360000000000005,0.2839999999999998
1736,2013-12-24,6.545,2.74,3.8049999999999997
1737,2013-12-25,5.497999999999999,2.5380000000000003,2.959999999999999
1738,2013-12-26,4.32,2.379,1.9410000000000003
1739,2013-12-27,3.011,1.8659999999999999,1.1450000000000002
1740,2013-12-28,7.724,2.2680000000000002,5.4559999999999995
1741,2013-12-29,7.462000000000001,3.852,3.6100000000000008
1742,2013-12-30,3.927,3.347,0.5800000000000001
1743,2013-12-31,5.367000000000001,3.14,2.2270000000000008
1744,2014-01-01,4.32,3.6889999999999996,0.6310000000000007
1745,2014-02-01,3.011,3.005,0.006000000000000227
1746,2014-03-01,2.356,2.414,-0.058000000000000274
1747,2014-04-01,2.225,2.041,0.18400000000000016
1748,2014-05-01,2.225,2.033,0.19200000000000017
1749,2014-06-01,2.6180000000000003,1.949,0.6690000000000003
1750,2014-07-01,4.189,2.017,2.172
1751,2014-08-01,5.367000000000001,3.39,1.9770000000000008
1752,2014-09-01,3.927,5.85,-1.9229999999999996
1753,2014-10-01,2.225,4.423,-2.198
1754,2014-11-01,1.702,2.568,-0.8660000000000001
1755,2014-12-01,1.571,2.1519999999999997,-0.5809999999999997
1756,2014-01-13,1.178,1.719,-0.5410000000000001
1757,2014-01-14,1.047,1.187,-0.14000000000000012
1758,2014-01-15,0.785,0.95,-0.16499999999999992
1759,2014-01-16,0.655,0.807,-0.15200000000000002
1760,2014-01-17,0.655,0.6859999999999999,-0.030999999999999917
1761,2014-01-18,0.524,0.583,-0.05899999999999994
1762,2014-01-19,0.39299999999999996,0.496,-0.10300000000000004
1763,2014-01-20,0.39299999999999996,0.42100000000000004,-0.02800000000000008
1764,2014-01-21,0.262,0.358,-0.09599999999999997
1765,2014-01-22,0.262,0.304,-0.04199999999999998
1766,2014-01-23,0.262,0.259,0.0030000000000000027
1767,2014-01-24,0.262,0.22,0.04200000000000001
