,DATE,OBSRUNOFF,SIMRUNOFF,RESIDUAL
0,2011-03-22,1.1520000000000001,0.0,1.1520000000000001
1,2011-03-23,2.3040000000000003,0.0,2.3040000000000003
2,2011-03-24,4.4639999999999995,0.0,4.4639999999999995
3,2011-03-25,5.472,0.0,5.472
4,2011-03-26,4.032,0.0,4.032
5,2011-03-27,2.736,0.0,2.736
6,2011-03-28,1.7280000000000002,0.0,1.7280000000000002
7,2011-03-29,1.44,0.0,1.44
8,2011-03-30,1.1520000000000001,0.0,1.1520000000000001
9,2011-03-31,0.8640000000000001,0.0,0.8640000000000001
10,2011-01-04,0.72,0.004,0.716
11,2011-02-04,1.1520000000000001,0.157,0.9950000000000001
12,2011-03-04,3.888,0.684,3.2039999999999997
13,2011-04-04,5.6160000000000005,0.9079999999999999,4.708
14,2011-05-04,5.184,0.882,4.3020000000000005
15,2011-06-04,7.056,0.82,6.236
16,2011-07-04,14.112,1.06,13.052
17,2011-08-04,12.815999999999999,1.112,11.703999999999999
18,2011-09-04,11.232000000000001,0.924,10.308000000000002
19,2011-10-04,12.095999999999998,0.7659999999999999,11.329999999999998
20,2011-11-04,14.687999999999999,0.633,14.055
21,2011-12-04,13.68,0.688,12.991999999999999
22,2011-04-13,7.776,0.711,7.0649999999999995
23,2011-04-14,5.6160000000000005,0.5870000000000001,5.029000000000001
24,2011-04-15,5.76,0.483,5.277
25,2011-04-16,8.208,0.397,7.811
26,2011-04-17,7.4879999999999995,0.325,7.162999999999999
27,2011-04-18,6.912000000000001,0.266,6.646000000000001
28,2011-04-19,7.2,0.21600000000000003,6.984
29,2011-04-20,6.768,0.175,6.593
30,2011-04-21,5.904,0.142,5.762
31,2011-04-22,5.6160000000000005,0.114,5.502000000000001
32,2011-04-23,5.184,0.091,5.093
33,2011-04-24,4.176,0.073,4.103
34,2011-04-25,3.4560000000000004,0.057999999999999996,3.3980000000000006
35,2011-04-26,2.736,0.045,2.6910000000000003
36,2011-04-27,1.8719999999999999,0.035,1.837
37,2011-04-28,1.584,0.027000000000000003,1.5570000000000002
38,2011-04-29,1.44,0.021,1.419
39,2011-04-30,1.296,0.015,1.2810000000000001
40,2011-01-05,1.296,0.011000000000000001,1.2850000000000001
41,2011-02-05,0.8640000000000001,0.008,0.8560000000000001
42,2011-03-05,0.72,0.005,0.715
43,2011-04-05,0.72,0.004,0.716
44,2011-05-05,0.5760000000000001,0.002,0.5740000000000001
45,2011-06-05,0.5760000000000001,0.001,0.5750000000000001
46,2011-07-05,0.5760000000000001,0.0,0.5760000000000001
47,2011-08-05,0.5760000000000001,0.0,0.5760000000000001
48,2011-09-05,0.5760000000000001,0.0,0.5760000000000001
49,2011-10-05,0.5760000000000001,0.0,0.5760000000000001
50,2011-11-05,0.5760000000000001,0.002,0.5740000000000001
51,2011-12-05,0.43200000000000005,0.003,0.42900000000000005
52,2011-05-13,0.43200000000000005,0.001,0.43100000000000005
53,2011-05-14,0.43200000000000005,0.0,0.43200000000000005
54,2011-05-15,0.8640000000000001,0.039,0.8250000000000001
55,2011-05-16,0.72,0.096,0.624
56,2011-05-17,0.43200000000000005,0.11900000000000001,0.31300000000000006
57,2011-05-18,0.5760000000000001,0.11199999999999999,0.4640000000000001
58,2011-05-19,1.44,0.135,1.305
59,2011-05-20,0.72,0.155,0.565
60,2011-05-21,0.5760000000000001,0.125,0.45100000000000007
61,2011-05-22,0.72,0.099,0.621
62,2011-05-23,1.44,0.141,1.299
63,2011-05-24,3.168,0.402,2.766
64,2011-05-25,2.16,0.501,1.6590000000000003
65,2011-05-26,1.584,0.414,1.1700000000000002
66,2011-05-27,4.032,0.726,3.306
67,2011-05-28,2.448,0.961,1.487
68,2011-05-29,1.8719999999999999,0.8390000000000001,1.033
69,2011-05-30,1.7280000000000002,0.8290000000000001,0.8990000000000001
70,2011-05-31,9.792,3.554,6.2379999999999995
71,2011-01-06,4.176,3.138,1.0380000000000003
72,2011-02-06,1.8719999999999999,1.729,0.1429999999999998
73,2011-03-06,1.1520000000000001,1.422,-0.2699999999999998
74,2011-04-06,0.72,1.163,-0.44300000000000006
75,2011-05-06,0.5760000000000001,0.9440000000000001,-0.368
76,2011-06-06,4.032,0.76,3.2720000000000002
77,2011-07-06,9.792,3.315,6.477
78,2011-08-06,3.168,2.364,0.8040000000000003
79,2011-09-06,6.047999999999999,1.556,4.491999999999999
80,2011-10-06,5.184,1.921,3.263
81,2011-11-06,2.016,1.85,0.16599999999999993
82,2011-12-06,1.1520000000000001,1.52,-0.3679999999999999
83,2011-06-13,0.8640000000000001,1.237,-0.373
84,2011-06-14,0.8640000000000001,1.05,-0.18599999999999994
85,2011-06-15,0.5760000000000001,0.897,-0.32099999999999995
86,2011-06-16,0.43200000000000005,0.72,-0.2879999999999999
87,2011-06-17,7.92,1.335,6.585
88,2011-06-18,6.624,2.924,3.6999999999999997
89,2011-06-19,3.6,2.052,1.548
90,2011-06-20,5.184,2.023,3.161
91,2011-06-21,2.016,1.989,0.026999999999999913
92,2011-06-22,1.1520000000000001,1.683,-0.5309999999999999
93,2011-06-23,1.584,1.558,0.026000000000000023
94,2011-06-24,1.584,1.4240000000000002,0.15999999999999992
95,2011-06-25,0.8640000000000001,1.157,-0.2929999999999999
96,2011-06-26,0.5760000000000001,0.93,-0.354
97,2011-06-27,0.5760000000000001,0.746,-0.16999999999999993
98,2011-06-28,0.72,0.595,0.125
99,2011-06-29,6.047999999999999,0.654,5.393999999999999
100,2011-06-30,9.936,3.361,6.574999999999999
101,2011-01-07,5.76,4.93,0.8300000000000001
102,2011-02-07,3.4560000000000004,2.667,0.7890000000000006
103,2011-03-07,2.16,1.899,0.2610000000000001
104,2011-04-07,2.3040000000000003,3.9339999999999997,-1.6299999999999994
105,2011-05-07,2.16,4.0760000000000005,-1.9160000000000004
106,2011-06-07,2.3040000000000003,2.443,-0.1389999999999998
107,2011-07-07,3.0239999999999996,2.428,0.5959999999999996
108,2011-08-07,1.7280000000000002,2.421,-0.6929999999999996
109,2011-09-07,3.7439999999999998,2.373,1.3709999999999996
110,2011-10-07,12.672,5.382999999999999,7.2890000000000015
111,2011-11-07,5.04,4.788,0.2519999999999998
112,2011-12-07,2.16,2.734,-0.5739999999999998
113,2011-07-13,7.4879999999999995,4.019,3.4689999999999994
114,2011-07-14,3.0239999999999996,3.096,-0.07200000000000051
115,2011-07-15,2.592,2.488,0.10400000000000009
116,2011-07-16,2.3040000000000003,2.227,0.0770000000000004
117,2011-07-17,5.6160000000000005,2.339,3.2770000000000006
118,2011-07-18,13.536,13.24,0.2959999999999994
119,2011-07-19,13.104000000000001,8.708,4.396000000000001
120,2011-07-20,9.792,4.42,5.372
121,2011-07-21,5.04,3.285,1.755
122,2011-07-22,9.504,3.0669999999999997,6.436999999999999
123,2011-07-23,19.296,16.016,3.280000000000001
124,2011-07-24,12.815999999999999,18.521,-5.705000000000002
125,2011-07-25,7.4879999999999995,7.372999999999999,0.11500000000000021
126,2011-07-26,4.032,3.5660000000000003,0.46599999999999975
127,2011-07-27,2.448,3.023,-0.5750000000000002
128,2011-07-28,1.584,2.506,-0.9219999999999997
129,2011-07-29,1.1520000000000001,2.062,-0.9099999999999997
130,2011-07-30,0.8640000000000001,1.686,-0.8219999999999998
131,2011-07-31,0.72,1.371,-0.651
132,2011-01-08,0.5760000000000001,1.429,-0.853
133,2011-02-08,0.43200000000000005,1.4409999999999998,-1.009
134,2011-03-08,0.5760000000000001,1.2890000000000001,-0.7130000000000001
135,2011-04-08,0.43200000000000005,1.112,-0.68
136,2011-05-08,3.7439999999999998,1.034,2.71
137,2011-06-08,5.04,1.338,3.702
138,2011-07-08,5.327999999999999,1.347,3.9809999999999994
139,2011-08-08,5.76,2.076,3.6839999999999997
140,2011-09-08,2.736,1.7630000000000001,0.9730000000000001
141,2011-10-08,1.44,1.454,-0.014000000000000012
142,2011-11-08,1.008,1.19,-0.18199999999999994
143,2011-12-08,0.72,0.968,-0.248
144,2011-08-13,0.5760000000000001,0.7829999999999999,-0.20699999999999985
145,2011-08-14,1.1520000000000001,0.631,0.5210000000000001
146,2011-08-15,5.6160000000000005,0.76,4.856000000000001
147,2011-08-16,3.0239999999999996,0.88,2.1439999999999997
148,2011-08-17,1.44,0.802,0.6379999999999999
149,2011-08-18,1.008,0.653,0.355
150,2011-08-19,0.8640000000000001,0.527,0.3370000000000001
151,2011-08-20,1.008,0.585,0.42300000000000004
152,2011-08-21,1.008,0.617,0.391
153,2011-08-22,2.3040000000000003,0.792,1.5120000000000002
154,2011-08-23,1.1520000000000001,0.8540000000000001,0.29800000000000004
155,2011-08-24,1.584,0.696,0.8880000000000001
156,2011-08-25,7.776,2.1069999999999998,5.6690000000000005
157,2011-08-26,4.032,1.6840000000000002,2.348
158,2011-08-27,17.855999999999998,9.004,8.851999999999999
159,2011-08-28,7.776,6.359,1.4169999999999998
160,2011-08-29,9.072000000000001,3.395,5.677000000000001
161,2011-08-30,6.192,2.872,3.3200000000000003
162,2011-08-31,2.88,2.7260000000000004,0.15399999999999947
163,2011-01-09,2.16,2.426,-0.266
164,2011-02-09,1.584,2.089,-0.5049999999999999
165,2011-03-09,2.016,1.815,0.20100000000000007
166,2011-04-09,20.88,2.022,18.858
167,2011-05-09,16.704,23.26,-6.556000000000001
168,2011-06-09,11.952,9.42,2.532
169,2011-07-09,15.552,13.743,1.8089999999999993
170,2011-08-09,5.76,6.797999999999999,-1.0379999999999994
171,2011-09-09,3.168,3.1630000000000003,0.004999999999999893
172,2011-10-09,2.16,2.762,-0.6019999999999999
173,2011-11-09,10.655999999999999,10.081,0.5749999999999993
174,2011-12-09,7.056,6.4079999999999995,0.6480000000000006
175,2011-09-13,10.08,5.013,5.067
176,2011-09-14,4.32,3.9,0.4200000000000004
177,2011-09-15,3.888,3.514,0.3740000000000001
178,2011-09-16,2.448,3.262,-0.8140000000000001
179,2011-09-17,2.016,2.752,-0.7359999999999998
180,2011-09-18,3.4560000000000004,3.2680000000000002,0.18800000000000017
181,2011-09-19,10.944,19.764,-8.819999999999999
182,2011-09-20,6.48,9.423,-2.9429999999999996
183,2011-09-21,3.888,3.5410000000000004,0.34699999999999953
184,2011-09-22,3.6,3.1519999999999997,0.4480000000000004
185,2011-09-23,3.0239999999999996,3.097,-0.0730000000000004
186,2011-09-24,2.016,2.7939999999999996,-0.7779999999999996
187,2011-09-25,1.584,2.353,-0.7690000000000001
188,2011-09-26,1.44,1.976,-0.536
189,2011-09-27,1.44,1.865,-0.42500000000000004
190,2011-09-28,1.1520000000000001,1.723,-0.571
191,2011-09-29,1.008,1.442,-0.43399999999999994
192,2011-09-30,0.8640000000000001,1.205,-0.34099999999999997
193,2011-01-10,0.72,1.005,-0.2849999999999999
194,2011-02-10,0.72,0.836,-0.11599999999999999
195,2011-03-10,0.72,0.861,-0.14100000000000001
196,2011-04-10,0.72,0.878,-0.15800000000000003
197,2011-05-10,1.44,0.862,0.578
198,2011-06-10,1.1520000000000001,0.8370000000000001,0.31500000000000006
199,2011-07-10,1.008,0.745,0.263
200,2011-08-10,0.72,0.66,0.05999999999999994
201,2011-09-10,1.008,0.5479999999999999,0.4600000000000001
202,2011-10-10,2.016,1.354,0.6619999999999999
203,2011-11-10,1.584,1.3019999999999998,0.28200000000000025
204,2011-12-10,1.1520000000000001,1.175,-0.02299999999999991
205,2011-10-13,0.8640000000000001,0.992,-0.1279999999999999
206,2011-10-14,0.5760000000000001,0.825,-0.2489999999999999
207,2011-10-15,0.5760000000000001,0.685,-0.10899999999999999
208,2011-10-16,0.5760000000000001,0.5670000000000001,0.009000000000000008
209,2011-10-17,0.5760000000000001,0.47100000000000003,0.10500000000000004
210,2011-10-18,2.592,1.7930000000000001,0.7989999999999999
211,2011-10-19,1.8719999999999999,1.4040000000000001,0.46799999999999975
212,2011-10-20,1.1520000000000001,1.105,0.04700000000000015
213,2011-10-21,0.72,0.9259999999999999,-0.20599999999999996
214,2011-10-22,0.8640000000000001,0.777,0.08700000000000008
215,2011-10-23,0.8640000000000001,0.6709999999999999,0.19300000000000017
216,2011-10-24,0.72,0.5770000000000001,0.1429999999999999
217,2011-10-25,0.5760000000000001,0.484,0.09200000000000008
218,2011-10-26,0.72,0.406,0.31399999999999995
219,2011-10-27,3.0239999999999996,1.82,1.2039999999999995
220,2011-10-28,5.6160000000000005,2.512,3.1040000000000005
221,2011-10-29,3.168,1.814,1.354
222,2011-10-30,2.592,1.92,0.6720000000000002
223,2011-10-31,2.16,1.808,0.3520000000000001
224,2011-01-11,1.584,1.5430000000000001,0.040999999999999925
225,2011-02-11,1.8719999999999999,1.376,0.496
226,2011-03-11,2.736,1.3430000000000002,1.393
227,2011-04-11,5.184,1.6769999999999998,3.5070000000000006
228,2011-05-11,6.624,1.936,4.688
229,2011-06-11,5.184,2.193,2.991
230,2011-07-11,2.448,2.109,0.33899999999999997
231,2011-08-11,1.584,1.787,-0.20299999999999985
232,2011-09-11,1.296,1.506,-0.20999999999999996
233,2011-10-11,1.1520000000000001,1.273,-0.12099999999999977
234,2011-11-11,1.1520000000000001,1.092,0.06000000000000005
235,2011-12-11,1.008,0.934,0.07399999999999995
236,2011-11-13,0.8640000000000001,0.7879999999999999,0.07600000000000018
237,2011-11-14,0.8640000000000001,0.6709999999999999,0.19300000000000017
238,2011-11-15,0.5760000000000001,0.57,0.006000000000000116
239,2011-11-16,0.5760000000000001,0.479,0.09700000000000009
240,2011-11-17,0.43200000000000005,0.402,0.030000000000000027
241,2011-11-18,0.43200000000000005,0.33799999999999997,0.09400000000000008
242,2011-11-19,0.5760000000000001,0.28300000000000003,0.29300000000000004
243,2011-11-20,0.5760000000000001,0.26899999999999996,0.3070000000000001
244,2011-11-21,0.43200000000000005,0.259,0.17300000000000004
245,2011-11-22,0.43200000000000005,0.218,0.21400000000000005
246,2011-11-23,0.43200000000000005,0.18600000000000003,0.24600000000000002
247,2011-11-24,0.5760000000000001,0.276,0.30000000000000004
248,2011-11-25,0.8640000000000001,0.473,0.3910000000000001
249,2011-11-26,0.8640000000000001,1.063,-0.19899999999999984
250,2011-11-27,10.655999999999999,15.302,-4.646000000000001
251,2011-11-28,4.6080000000000005,7.606,-2.9979999999999993
252,2011-11-29,2.736,2.503,0.2330000000000001
253,2011-11-30,5.472,4.043,1.4290000000000003
254,2011-01-12,6.336,6.045,0.29100000000000037
255,2011-02-12,4.176,3.798,0.3780000000000001
256,2011-03-12,2.592,2.7110000000000003,-0.11900000000000022
257,2011-04-12,2.016,2.386,-0.3700000000000001
258,2011-05-12,1.44,2.112,-0.6720000000000002
259,2011-06-12,1.1520000000000001,1.797,-0.6449999999999998
260,2011-07-12,0.8640000000000001,1.526,-0.6619999999999999
261,2011-08-12,0.8640000000000001,1.297,-0.43299999999999983
262,2011-09-12,1.1520000000000001,1.1079999999999999,0.04400000000000026
263,2011-10-12,0.8640000000000001,0.95,-0.08599999999999985
264,2011-11-12,0.72,0.8079999999999999,-0.08799999999999997
265,2011-12-12,1.1520000000000001,0.688,0.4640000000000002
266,2011-12-13,1.296,0.5870000000000001,0.709
267,2011-12-14,1.296,0.507,0.789
268,2011-12-15,1.1520000000000001,0.45399999999999996,0.6980000000000002
269,2011-12-16,1.008,0.402,0.606
270,2011-12-17,0.8640000000000001,0.344,0.5200000000000001
271,2011-12-18,0.8640000000000001,0.293,0.5710000000000002
272,2011-12-19,0.8640000000000001,0.249,0.6150000000000001
273,2011-12-20,1.008,0.212,0.796
274,2011-12-21,1.1520000000000001,0.18,0.9720000000000002
275,2011-12-22,1.296,0.153,1.143
276,2011-12-23,1.1520000000000001,0.131,1.0210000000000001
277,2011-12-24,1.008,0.11800000000000001,0.89
278,2011-12-25,1.008,0.113,0.895
279,2011-12-26,3.4560000000000004,1.99,1.4660000000000004
280,2011-12-27,9.792,8.818999999999999,0.9730000000000008
281,2011-12-28,6.047999999999999,4.232,1.815999999999999
282,2011-12-29,4.896,3.5410000000000004,1.3549999999999995
283,2011-12-30,3.0239999999999996,2.877,0.1469999999999998
284,2011-12-31,2.016,2.25,-0.23399999999999999
285,2012-01-01,1.7280000000000002,1.921,-0.19299999999999984
286,2012-02-01,1.44,1.6380000000000001,-0.19800000000000018
287,2012-03-01,1.296,1.393,-0.09699999999999998
288,2012-04-01,1.1520000000000001,1.189,-0.03699999999999992
289,2012-05-01,1.008,1.018,-0.010000000000000009
290,2012-06-01,1.008,0.8690000000000001,0.1389999999999999
291,2012-07-01,0.8640000000000001,0.742,0.12200000000000011
292,2012-08-01,0.8640000000000001,0.63,0.2340000000000001
293,2012-09-01,0.72,0.536,0.18399999999999994
294,2012-10-01,0.72,0.45799999999999996,0.262
295,2012-11-01,0.72,0.401,0.31899999999999995
296,2012-12-01,2.016,0.77,1.246
297,2012-01-13,1.8719999999999999,0.998,0.8739999999999999
298,2012-01-14,1.1520000000000001,0.853,0.29900000000000015
299,2012-01-15,1.008,0.725,0.28300000000000003
300,2012-01-16,0.8640000000000001,0.616,0.2480000000000001
301,2012-01-17,0.72,0.524,0.19599999999999995
302,2012-01-18,0.8640000000000001,0.445,0.4190000000000001
303,2012-01-19,1.008,0.382,0.626
304,2012-01-20,0.5760000000000001,0.32799999999999996,0.2480000000000001
305,2012-01-21,0.5760000000000001,0.281,0.29500000000000004
306,2012-01-22,0.5760000000000001,0.244,0.3320000000000001
307,2012-01-23,0.5760000000000001,0.212,0.3640000000000001
308,2012-01-24,0.5760000000000001,0.183,0.39300000000000007
309,2012-01-25,0.5760000000000001,0.157,0.41900000000000004
310,2012-01-26,0.5760000000000001,0.134,0.44200000000000006
311,2012-01-27,0.5760000000000001,0.11699999999999999,0.4590000000000001
312,2012-01-28,0.5760000000000001,0.10300000000000001,0.4730000000000001
313,2012-01-29,0.43200000000000005,0.08800000000000001,0.34400000000000003
314,2012-01-30,0.43200000000000005,0.076,0.35600000000000004
315,2012-01-31,0.43200000000000005,0.065,0.36700000000000005
316,2012-01-02,0.43200000000000005,0.055,0.37700000000000006
317,2012-02-02,0.43200000000000005,0.047,0.38500000000000006
318,2012-03-02,0.43200000000000005,0.040999999999999995,0.39100000000000007
319,2012-04-02,0.43200000000000005,0.037000000000000005,0.395
320,2012-05-02,0.28800000000000003,0.032,0.256
321,2012-06-02,0.28800000000000003,0.028999999999999998,0.259
322,2012-07-02,0.28800000000000003,0.026000000000000002,0.262
323,2012-08-02,0.28800000000000003,0.022000000000000002,0.266
324,2012-09-02,0.28800000000000003,0.019,0.269
325,2012-10-02,0.28800000000000003,0.016,0.272
326,2012-11-02,0.28800000000000003,0.013999999999999999,0.274
327,2012-12-02,0.28800000000000003,0.012,0.276
328,2012-02-13,0.28800000000000003,0.01,0.278
329,2012-02-14,0.28800000000000003,0.008,0.28
330,2012-02-15,0.28800000000000003,0.006999999999999999,0.281
331,2012-02-16,0.28800000000000003,0.006,0.28200000000000003
332,2012-02-17,0.28800000000000003,0.005,0.28300000000000003
333,2012-02-18,0.28800000000000003,0.006,0.28200000000000003
334,2012-02-19,0.28800000000000003,0.008,0.28
335,2012-02-20,0.28800000000000003,0.006999999999999999,0.281
336,2012-02-21,0.28800000000000003,0.023,0.265
337,2012-02-22,0.43200000000000005,0.07,0.36200000000000004
338,2012-02-23,0.5760000000000001,1.3980000000000001,-0.8220000000000001
339,2012-02-24,0.72,3.4139999999999997,-2.694
340,2012-02-25,0.72,3.304,-2.5839999999999996
341,2012-02-26,0.5760000000000001,1.939,-1.363
342,2012-02-27,0.5760000000000001,1.656,-1.0799999999999998
343,2012-02-28,1.8719999999999999,2.2030000000000003,-0.3310000000000004
344,2012-02-29,6.912000000000001,10.115,-3.2029999999999994
345,2012-01-03,7.2,10.993,-3.793
346,2012-02-03,5.472,7.642,-2.17
347,2012-03-03,3.7439999999999998,4.053999999999999,-0.3099999999999996
348,2012-04-03,2.736,2.8689999999999998,-0.13299999999999956
349,2012-05-03,1.584,2.439,-0.855
350,2012-06-03,1.296,2.073,-0.7769999999999999
351,2012-07-03,1.296,1.7630000000000001,-0.4670000000000001
352,2012-08-03,1.1520000000000001,1.504,-0.35199999999999987
353,2012-09-03,1.296,1.295,0.001000000000000112
354,2012-10-03,1.8719999999999999,2.253,-0.3810000000000002
355,2012-11-03,3.168,3.2689999999999997,-0.10099999999999953
356,2012-12-03,6.768,6.412000000000001,0.355999999999999
357,2012-03-13,7.632000000000001,11.114,-3.482
358,2012-03-14,7.056,9.437999999999999,-2.381999999999999
359,2012-03-15,5.327999999999999,8.323,-2.995000000000001
360,2012-03-16,3.888,6.146,-2.258
361,2012-03-17,6.192,7.006,-0.8140000000000001
362,2012-03-18,5.04,6.218,-1.178
363,2012-03-19,3.0239999999999996,3.909,-0.8850000000000002
364,2012-03-20,3.168,3.4939999999999998,-0.3259999999999996
365,2012-03-21,8.352,6.855,1.4969999999999999
366,2012-03-22,9.648,9.533,0.11500000000000021
367,2012-03-23,7.343999999999999,8.475,-1.1310000000000002
368,2012-03-24,5.04,7.222,-2.1820000000000004
369,2012-03-25,4.896,7.667000000000001,-2.771000000000001
370,2012-03-26,6.192,8.597000000000001,-2.405000000000001
371,2012-03-27,9.504,12.325999999999999,-2.821999999999999
372,2012-03-28,7.92,11.654000000000002,-3.7340000000000018
373,2012-03-29,5.184,8.092,-2.9080000000000004
374,2012-03-30,2.88,5.265,-2.385
375,2012-03-31,2.016,4.277,-2.261
376,2012-01-04,1.584,3.6830000000000003,-2.099
377,2012-02-04,1.1520000000000001,3.122,-1.9699999999999998
378,2012-03-04,1.008,2.64,-1.6320000000000001
379,2012-04-04,0.72,2.23,-1.51
380,2012-05-04,0.72,1.882,-1.162
381,2012-06-04,0.648,1.633,-0.985
382,2012-07-04,0.5760000000000001,1.4280000000000002,-0.8520000000000001
383,2012-08-04,0.5760000000000001,1.208,-0.6319999999999999
384,2012-09-04,0.5760000000000001,1.02,-0.44399999999999995
385,2012-10-04,1.584,1.2429999999999999,0.3410000000000002
386,2012-11-04,2.592,3.8169999999999997,-1.2249999999999996
387,2012-12-04,2.3040000000000003,4.416,-2.112
388,2012-04-13,1.7280000000000002,2.648,-0.9199999999999999
389,2012-04-14,1.44,2.339,-0.899
390,2012-04-15,1.44,2.124,-0.6840000000000002
391,2012-04-16,1.296,1.8980000000000001,-0.6020000000000001
392,2012-04-17,1.008,1.607,-0.599
393,2012-04-18,1.008,1.412,-0.4039999999999999
394,2012-04-19,1.1520000000000001,1.376,-0.22399999999999975
395,2012-04-20,1.44,1.6159999999999999,-0.17599999999999993
396,2012-04-21,1.44,1.692,-0.252
397,2012-04-22,1.44,1.649,-0.20900000000000007
398,2012-04-23,2.448,3.016,-0.5680000000000001
399,2012-04-24,2.88,3.472,-0.5920000000000001
400,2012-04-25,5.327999999999999,5.643,-0.3150000000000004
401,2012-04-26,9.36,14.79,-5.43
402,2012-04-27,8.496,10.737,-2.2409999999999997
403,2012-04-28,7.524,6.796,0.7279999999999998
404,2012-04-29,6.5520000000000005,3.843,2.7090000000000005
405,2012-04-30,5.58,3.571,2.009
406,2012-01-05,4.6080000000000005,3.536,1.0720000000000005
407,2012-02-05,7.2,3.7960000000000003,3.404
408,2012-03-05,6.336,4.496,1.8399999999999999
409,2012-04-05,5.904,4.8469999999999995,1.0570000000000004
410,2012-05-05,3.888,3.917,-0.028999999999999915
411,2012-06-05,2.016,3.38,-1.3639999999999999
412,2012-07-05,1.584,2.84,-1.2559999999999998
413,2012-08-05,1.296,2.3930000000000002,-1.0970000000000002
414,2012-09-05,2.3040000000000003,2.7889999999999997,-0.48499999999999943
415,2012-10-05,4.4639999999999995,2.6889999999999996,1.775
416,2012-11-05,7.776,5.34,2.436
417,2012-12-05,5.76,5.144,0.6159999999999997
418,2012-05-13,3.0239999999999996,3.049,-0.025000000000000355
419,2012-05-14,2.88,3.3680000000000003,-0.48800000000000043
420,2012-05-15,3.0239999999999996,3.1310000000000002,-0.10700000000000065
421,2012-05-16,7.056,4.696000000000001,2.3599999999999994
422,2012-05-17,9.792,6.068,3.724
423,2012-05-18,5.184,3.9930000000000003,1.1909999999999998
424,2012-05-19,3.888,3.1260000000000003,0.7619999999999996
425,2012-05-20,3.312,2.755,0.5569999999999999
426,2012-05-21,3.888,2.456,1.432
427,2012-05-22,4.896,2.22,2.6759999999999997
428,2012-05-23,4.32,2.01,2.3100000000000005
429,2012-05-24,3.312,1.7830000000000001,1.5289999999999997
430,2012-05-25,2.448,1.557,0.891
431,2012-05-26,1.8719999999999999,1.335,0.5369999999999999
432,2012-05-27,1.44,1.12,0.31999999999999984
433,2012-05-28,1.1520000000000001,0.92,0.2320000000000001
434,2012-05-29,0.72,0.7440000000000001,-0.024000000000000132
435,2012-05-30,0.43200000000000005,0.595,-0.16299999999999992
436,2012-05-31,0.43200000000000005,0.473,-0.040999999999999925
437,2012-01-06,0.43200000000000005,0.374,0.05800000000000005
438,2012-02-06,0.28800000000000003,0.304,-0.01599999999999996
439,2012-03-06,0.28800000000000003,0.249,0.039000000000000035
440,2012-04-06,0.28800000000000003,0.2,0.08800000000000002
441,2012-05-06,0.43200000000000005,0.16699999999999998,0.26500000000000007
442,2012-06-06,0.28800000000000003,0.13699999999999998,0.15100000000000005
443,2012-07-06,0.14400000000000002,0.107,0.03700000000000002
444,2012-08-06,0.14400000000000002,0.083,0.06100000000000001
445,2012-09-06,0.8640000000000001,0.122,0.7420000000000001
446,2012-10-06,1.008,0.166,0.842
447,2012-11-06,0.8640000000000001,0.162,0.7020000000000001
448,2012-12-06,0.8640000000000001,0.168,0.6960000000000001
449,2012-06-13,0.43200000000000005,0.154,0.278
450,2012-06-14,0.43200000000000005,0.141,0.29100000000000004
451,2012-06-15,0.28800000000000003,0.13,0.15800000000000003
452,2012-06-16,0.43200000000000005,0.141,0.29100000000000004
453,2012-06-17,1.1520000000000001,0.19699999999999998,0.9550000000000002
454,2012-06-18,2.016,0.23800000000000002,1.778
455,2012-06-19,2.448,0.359,2.089
456,2012-06-20,0.8640000000000001,0.419,0.4450000000000001
457,2012-06-21,0.5760000000000001,0.336,0.24000000000000005
458,2012-06-22,0.43200000000000005,0.266,0.16600000000000004
459,2012-06-23,2.3040000000000003,0.312,1.9920000000000002
460,2012-06-24,5.6160000000000005,0.537,5.079000000000001
461,2012-06-25,5.472,0.983,4.489000000000001
462,2012-06-26,2.016,1.163,0.853
463,2012-06-27,0.8640000000000001,1.063,-0.19899999999999984
464,2012-06-28,0.5760000000000001,0.867,-0.2909999999999999
465,2012-06-29,0.72,0.708,0.01200000000000001
466,2012-06-30,1.1520000000000001,0.633,0.5190000000000001
467,2012-01-07,1.44,0.601,0.839
468,2012-02-07,1.8719999999999999,0.632,1.2399999999999998
469,2012-03-07,1.44,0.626,0.814
470,2012-04-07,6.192,0.9009999999999999,5.291
471,2012-05-07,3.6,0.991,2.609
472,2012-06-07,2.016,0.813,1.203
473,2012-07-07,7.632000000000001,1.088,6.5440000000000005
474,2012-08-07,9.504,1.3219999999999998,8.182
475,2012-09-07,4.32,1.22,3.1000000000000005
476,2012-10-07,20.592,1.4469999999999998,19.145
477,2012-11-07,9.936,5.465,4.471
478,2012-12-07,6.912000000000001,4.96,1.9520000000000008
479,2012-07-13,4.176,2.988,1.1880000000000002
480,2012-07-14,2.16,2.612,-0.45199999999999996
481,2012-07-15,1.44,2.224,-0.7840000000000003
482,2012-07-16,1.008,1.879,-0.871
483,2012-07-17,0.72,1.5319999999999998,-0.8119999999999998
484,2012-07-18,0.5760000000000001,1.238,-0.6619999999999999
485,2012-07-19,0.72,1.003,-0.2829999999999999
486,2012-07-20,0.8640000000000001,0.8340000000000001,0.030000000000000027
487,2012-07-21,0.5760000000000001,0.6890000000000001,-0.11299999999999999
488,2012-07-22,0.43200000000000005,0.5479999999999999,-0.11599999999999988
489,2012-07-23,0.43200000000000005,0.433,-0.0009999999999999454
490,2012-07-24,0.43200000000000005,0.348,0.08400000000000007
491,2012-07-25,0.28800000000000003,0.281,0.007000000000000006
492,2012-07-26,0.28800000000000003,0.222,0.06600000000000003
493,2012-07-27,0.14400000000000002,0.174,-0.02999999999999997
494,2012-07-28,0.28800000000000003,0.13699999999999998,0.15100000000000005
495,2012-07-29,0.28800000000000003,0.113,0.17500000000000004
496,2012-07-30,0.14400000000000002,0.095,0.049000000000000016
497,2012-07-31,1.1520000000000001,0.07400000000000001,1.078
498,2012-01-08,2.016,0.07,1.946
499,2012-02-08,1.008,0.075,0.933
500,2012-03-08,5.472,0.243,5.229
501,2012-04-08,1.7280000000000002,0.35200000000000004,1.3760000000000001
502,2012-05-08,0.8640000000000001,0.298,0.5660000000000001
503,2012-06-08,0.8640000000000001,0.244,0.6200000000000001
504,2012-07-08,6.48,1.4809999999999999,4.9990000000000006
505,2012-08-08,2.3040000000000003,1.411,0.8930000000000002
506,2012-09-08,1.008,1.166,-0.15799999999999992
507,2012-10-08,0.5760000000000001,0.961,-0.3849999999999999
508,2012-11-08,0.43200000000000005,0.7829999999999999,-0.35099999999999987
509,2012-12-08,0.43200000000000005,0.635,-0.20299999999999996
510,2012-08-13,0.28800000000000003,0.511,-0.22299999999999998
511,2012-08-14,0.43200000000000005,0.409,0.023000000000000076
512,2012-08-15,0.28800000000000003,0.331,-0.04299999999999998
513,2012-08-16,0.28800000000000003,0.267,0.02100000000000002
514,2012-08-17,0.28800000000000003,0.244,0.04400000000000004
515,2012-08-18,1.1520000000000001,0.354,0.7980000000000002
516,2012-08-19,2.016,0.573,1.443
517,2012-08-20,0.8640000000000001,0.618,0.2460000000000001
518,2012-08-21,1.008,0.542,0.46599999999999997
519,2012-08-22,0.5760000000000001,0.469,0.1070000000000001
520,2012-08-23,0.43200000000000005,0.379,0.05300000000000005
521,2012-08-24,0.28800000000000003,0.304,-0.01599999999999996
522,2012-08-25,0.28800000000000003,0.243,0.04500000000000004
523,2012-08-26,0.28800000000000003,0.21,0.07800000000000004
524,2012-08-27,0.28800000000000003,0.185,0.10300000000000004
525,2012-08-28,2.592,0.154,2.438
526,2012-08-29,3.4560000000000004,0.452,3.0040000000000004
527,2012-08-30,9.936,3.0580000000000003,6.878
528,2012-08-31,3.6,2.1790000000000003,1.4209999999999998
529,2012-01-09,1.584,1.3230000000000002,0.2609999999999999
530,2012-02-09,1.008,1.12,-0.1120000000000001
531,2012-03-09,0.72,0.951,-0.23099999999999998
532,2012-04-09,0.5760000000000001,0.7829999999999999,-0.20699999999999985
533,2012-05-09,0.43200000000000005,0.6409999999999999,-0.20899999999999985
534,2012-06-09,0.43200000000000005,0.524,-0.09199999999999997
535,2012-07-09,0.43200000000000005,0.451,-0.01899999999999996
536,2012-08-09,0.28800000000000003,0.39299999999999996,-0.10499999999999993
537,2012-09-09,0.28800000000000003,0.319,-0.030999999999999972
538,2012-10-09,0.28800000000000003,0.259,0.029000000000000026
539,2012-11-09,0.72,0.23399999999999999,0.486
540,2012-12-09,0.72,0.449,0.27099999999999996
541,2012-09-13,0.43200000000000005,0.57,-0.1379999999999999
542,2012-09-14,0.8640000000000001,0.713,0.15100000000000013
543,2012-09-15,0.72,0.768,-0.04800000000000004
544,2012-09-16,0.43200000000000005,0.65,-0.21799999999999997
545,2012-09-17,1.584,0.86,0.7240000000000001
546,2012-09-18,1.7280000000000002,1.112,0.6160000000000001
547,2012-09-19,1.1520000000000001,1.148,0.004000000000000226
548,2012-09-20,0.72,1.0270000000000001,-0.30700000000000016
549,2012-09-21,0.5760000000000001,0.852,-0.2759999999999999
550,2012-09-22,0.43200000000000005,0.7020000000000001,-0.27
551,2012-09-23,0.28800000000000003,0.578,-0.2899999999999999
552,2012-09-24,0.28800000000000003,0.475,-0.18699999999999994
553,2012-09-25,0.28800000000000003,0.41,-0.12199999999999994
554,2012-09-26,2.592,3.1910000000000003,-0.5990000000000002
555,2012-09-27,5.904,4.935,0.9690000000000003
556,2012-09-28,2.3040000000000003,2.346,-0.041999999999999815
557,2012-09-29,2.3040000000000003,1.851,0.4530000000000003
558,2012-09-30,1.7280000000000002,1.855,-0.12699999999999978
559,2012-01-10,1.7280000000000002,1.804,-0.07599999999999985
560,2012-02-10,1.8719999999999999,1.7830000000000001,0.08899999999999975
561,2012-03-10,10.08,2.679,7.401
562,2012-04-10,7.056,8.649,-1.592999999999999
563,2012-05-10,3.312,5.916,-2.6040000000000005
564,2012-06-10,1.8719999999999999,2.8,-0.9279999999999999
565,2012-07-10,1.44,2.372,-0.9319999999999999
566,2012-08-10,1.1520000000000001,1.995,-0.843
567,2012-09-10,1.1520000000000001,1.81,-0.6579999999999999
568,2012-10-10,0.8640000000000001,1.6480000000000001,-0.784
569,2012-11-10,0.72,1.381,-0.661
570,2012-12-10,0.5760000000000001,1.156,-0.5799999999999998
571,2012-10-13,0.72,1.015,-0.29499999999999993
572,2012-10-14,0.5760000000000001,0.898,-0.32199999999999995
573,2012-10-15,1.008,0.9309999999999999,0.07700000000000007
574,2012-10-16,1.8719999999999999,2.4819999999999998,-0.6099999999999999
575,2012-10-17,6.047999999999999,5.322,0.7259999999999991
576,2012-10-18,9.36,6.789,2.5709999999999997
577,2012-10-19,9.792,9.217,0.5749999999999993
578,2012-10-20,10.655999999999999,8.037,2.618999999999998
579,2012-10-21,7.343999999999999,7.876,-0.5320000000000009
580,2012-10-22,3.312,4.761,-1.4490000000000003
581,2012-10-23,2.016,3.147,-1.1309999999999998
582,2012-10-24,1.584,2.6630000000000003,-1.0790000000000002
583,2012-10-25,1.296,2.252,-0.9559999999999997
584,2012-10-26,1.008,1.902,-0.8939999999999999
585,2012-10-27,0.72,1.6030000000000002,-0.8830000000000002
586,2012-10-28,0.5760000000000001,1.35,-0.774
587,2012-10-29,0.72,1.14,-0.41999999999999993
588,2012-10-30,0.5760000000000001,0.965,-0.3889999999999999
589,2012-10-31,0.72,0.816,-0.09599999999999997
590,2012-01-11,3.4560000000000004,4.447,-0.9909999999999997
591,2012-02-11,4.4639999999999995,9.875,-5.4110000000000005
592,2012-03-11,4.176,6.024,-1.8479999999999999
593,2012-04-11,3.6,3.53,0.07000000000000028
594,2012-05-11,2.448,2.573,-0.125
595,2012-06-11,1.8719999999999999,2.198,-0.32600000000000007
596,2012-07-11,1.44,1.87,-0.43000000000000016
597,2012-08-11,1.7280000000000002,2.043,-0.31499999999999995
598,2012-09-11,1.8719999999999999,2.217,-0.3450000000000002
599,2012-10-11,6.336,2.69,3.6460000000000004
600,2012-11-11,16.272000000000002,9.371,6.901000000000002
601,2012-12-11,7.2,7.6979999999999995,-0.49799999999999933
602,2012-11-13,3.312,3.653,-0.3410000000000002
603,2012-11-14,5.6160000000000005,2.9989999999999997,2.617000000000001
604,2012-11-15,5.76,3.2569999999999997,2.503
605,2012-11-16,3.168,3.202,-0.03399999999999981
606,2012-11-17,4.32,3.3139999999999996,1.0060000000000007
607,2012-11-18,3.4560000000000004,3.543,-0.08699999999999974
608,2012-11-19,2.16,3.2769999999999997,-1.1169999999999995
609,2012-11-20,3.168,3.0869999999999997,0.0810000000000004
610,2012-11-21,10.944,4.587,6.357000000000001
611,2012-11-22,9.36,7.157,2.2029999999999994
612,2012-11-23,12.815999999999999,7.317,5.498999999999999
613,2012-11-24,7.776,7.8870000000000005,-0.11100000000000065
614,2012-11-25,3.312,5.225,-1.9129999999999998
615,2012-11-26,2.3040000000000003,3.5580000000000003,-1.254
616,2012-11-27,1.7280000000000002,3.0239999999999996,-1.2959999999999994
617,2012-11-28,1.44,2.57,-1.13
618,2012-11-29,1.1520000000000001,2.1830000000000003,-1.0310000000000001
619,2012-11-30,0.8640000000000001,1.854,-0.99
620,2012-01-12,0.8640000000000001,1.5759999999999998,-0.7119999999999997
621,2012-02-12,0.72,1.339,-0.619
622,2012-03-12,0.72,1.139,-0.41900000000000004
623,2012-04-12,0.43200000000000005,0.9690000000000001,-0.537
624,2012-05-12,0.43200000000000005,0.823,-0.3909999999999999
625,2012-06-12,0.28800000000000003,0.6990000000000001,-0.41100000000000003
626,2012-07-12,0.28800000000000003,0.594,-0.30599999999999994
627,2012-08-12,0.28800000000000003,0.505,-0.21699999999999997
628,2012-09-12,0.28800000000000003,0.43200000000000005,-0.14400000000000002
629,2012-10-12,0.28800000000000003,0.373,-0.08499999999999996
630,2012-11-12,0.28800000000000003,0.321,-0.032999999999999974
631,2012-12-12,0.28800000000000003,0.273,0.015000000000000013
632,2012-12-13,0.28800000000000003,0.23399999999999999,0.05400000000000005
633,2012-12-14,0.28800000000000003,0.201,0.08700000000000002
634,2012-12-15,0.28800000000000003,0.17300000000000001,0.11500000000000002
635,2012-12-16,0.28800000000000003,0.154,0.13400000000000004
636,2012-12-17,0.28800000000000003,0.139,0.14900000000000002
637,2012-12-18,0.28800000000000003,0.12300000000000001,0.16500000000000004
638,2012-12-19,0.28800000000000003,0.106,0.18200000000000005
639,2012-12-20,0.28800000000000003,0.09,0.19800000000000004
640,2012-12-21,0.28800000000000003,0.077,0.21100000000000002
641,2012-12-22,0.28800000000000003,0.066,0.22200000000000003
642,2012-12-23,0.28800000000000003,0.059000000000000004,0.22900000000000004
643,2012-12-24,0.28800000000000003,0.055,0.23300000000000004
644,2012-12-25,0.28800000000000003,0.051,0.23700000000000004
645,2012-12-26,0.28800000000000003,0.046,0.24200000000000005
646,2012-12-27,0.28800000000000003,0.039,0.24900000000000003
647,2012-12-28,0.28800000000000003,0.033,0.255
648,2012-12-29,0.28800000000000003,0.032,0.256
649,2012-12-30,1.584,0.204,1.3800000000000001
650,2012-12-31,0.72,0.319,0.40099999999999997
651,2013-01-01,0.8640000000000001,0.632,0.2320000000000001
652,2013-02-01,0.72,0.765,-0.04500000000000004
653,2013-03-01,0.72,0.655,0.06499999999999995
654,2013-04-01,0.72,1.496,-0.776
655,2013-05-01,0.72,2.241,-1.5210000000000001
656,2013-06-01,0.72,1.943,-1.223
657,2013-07-01,0.72,1.8330000000000002,-1.1130000000000002
658,2013-08-01,0.5760000000000001,1.589,-1.013
659,2013-09-01,0.5760000000000001,1.3519999999999999,-0.7759999999999998
660,2013-10-01,0.5760000000000001,1.15,-0.5739999999999998
661,2013-11-01,0.5760000000000001,0.977,-0.4009999999999999
662,2013-12-01,0.43200000000000005,0.831,-0.3989999999999999
663,2013-01-13,0.43200000000000005,0.706,-0.2739999999999999
664,2013-01-14,0.5760000000000001,0.6,-0.02399999999999991
665,2013-01-15,0.43200000000000005,0.51,-0.07799999999999996
666,2013-01-16,0.28800000000000003,0.434,-0.14599999999999996
667,2013-01-17,0.28800000000000003,0.369,-0.08099999999999996
668,2013-01-18,0.28800000000000003,0.313,-0.024999999999999967
669,2013-01-19,0.28800000000000003,0.266,0.02200000000000002
670,2013-01-20,0.28800000000000003,0.22699999999999998,0.061000000000000054
671,2013-01-21,0.28800000000000003,0.193,0.09500000000000003
672,2013-01-22,0.28800000000000003,0.16399999999999998,0.12400000000000005
673,2013-01-23,0.28800000000000003,0.139,0.14900000000000002
674,2013-01-24,0.28800000000000003,0.11800000000000001,0.17000000000000004
675,2013-01-25,0.28800000000000003,0.10099999999999999,0.18700000000000006
676,2013-01-26,0.14400000000000002,0.087,0.05700000000000002
677,2013-01-27,0.14400000000000002,0.076,0.06800000000000002
678,2013-01-28,0.14400000000000002,0.07,0.07400000000000001
679,2013-01-29,0.14400000000000002,0.065,0.07900000000000001
680,2013-01-30,0.14400000000000002,0.06,0.08400000000000002
681,2013-01-31,0.28800000000000003,0.066,0.22200000000000003
682,2013-01-02,0.14400000000000002,0.069,0.07500000000000001
683,2013-02-02,0.14400000000000002,0.059000000000000004,0.08500000000000002
684,2013-03-02,0.14400000000000002,0.05,0.09400000000000001
685,2013-04-02,0.14400000000000002,0.043,0.10100000000000002
686,2013-05-02,0.14400000000000002,0.039,0.10500000000000001
687,2013-06-02,0.14400000000000002,0.033,0.11100000000000002
688,2013-07-02,0.14400000000000002,0.027999999999999997,0.11600000000000002
689,2013-08-02,0.14400000000000002,0.024,0.12000000000000002
690,2013-09-02,0.14400000000000002,0.02,0.12400000000000001
691,2013-10-02,0.14400000000000002,0.018000000000000002,0.126
692,2013-11-02,0.14400000000000002,0.016,0.128
693,2013-12-02,0.14400000000000002,0.013999999999999999,0.13
694,2013-02-13,0.14400000000000002,0.012,0.132
695,2013-02-14,0.14400000000000002,0.01,0.134
696,2013-02-15,0.14400000000000002,0.01,0.134
697,2013-02-16,0.14400000000000002,0.01,0.134
698,2013-02-17,0.14400000000000002,0.009000000000000001,0.135
699,2013-02-18,0.14400000000000002,0.017,0.127
700,2013-02-19,0.14400000000000002,0.048,0.09600000000000002
701,2013-02-20,0.14400000000000002,0.066,0.07800000000000001
702,2013-02-21,0.14400000000000002,0.057,0.08700000000000002
703,2013-02-22,0.14400000000000002,0.049,0.09500000000000001
704,2013-02-23,0.14400000000000002,0.040999999999999995,0.10300000000000002
705,2013-02-24,0.14400000000000002,0.035,0.10900000000000001
706,2013-02-25,0.14400000000000002,0.03,0.11400000000000002
707,2013-02-26,0.14400000000000002,0.026000000000000002,0.11800000000000002
708,2013-02-27,0.14400000000000002,0.022000000000000002,0.12200000000000001
709,2013-02-28,0.14400000000000002,0.023,0.12100000000000002
710,2013-01-03,0.14400000000000002,0.027999999999999997,0.11600000000000002
711,2013-02-03,0.14400000000000002,0.028999999999999998,0.11500000000000002
712,2013-03-03,0.14400000000000002,0.043,0.10100000000000002
713,2013-04-03,0.14400000000000002,0.055999999999999994,0.08800000000000002
714,2013-05-03,0.14400000000000002,0.083,0.06100000000000001
715,2013-06-03,0.14400000000000002,0.106,0.03800000000000002
716,2013-07-03,0.14400000000000002,0.091,0.05300000000000002
717,2013-08-03,0.14400000000000002,0.077,0.06700000000000002
718,2013-09-03,0.14400000000000002,0.066,0.07800000000000001
719,2013-10-03,0.14400000000000002,0.055999999999999994,0.08800000000000002
720,2013-11-03,0.14400000000000002,0.048,0.09600000000000002
721,2013-12-03,0.14400000000000002,0.040999999999999995,0.10300000000000002
722,2013-03-13,0.14400000000000002,0.034,0.11000000000000001
723,2013-03-14,0.28800000000000003,0.028999999999999998,0.259
724,2013-03-15,0.14400000000000002,0.025,0.11900000000000002
725,2013-03-16,0.14400000000000002,0.025,0.11900000000000002
726,2013-03-17,0.14400000000000002,0.026000000000000002,0.11800000000000002
727,2013-03-18,0.14400000000000002,0.024,0.12000000000000002
728,2013-03-19,0.14400000000000002,0.02,0.12400000000000001
729,2013-03-20,0.14400000000000002,0.017,0.127
730,2013-03-21,0.14400000000000002,0.016,0.128
731,2013-03-22,0.14400000000000002,0.013999999999999999,0.13
732,2013-03-23,0.14400000000000002,0.012,0.132
733,2013-03-24,0.14400000000000002,0.01,0.134
734,2013-03-25,0.14400000000000002,0.009000000000000001,0.135
735,2013-03-26,0.14400000000000002,0.006999999999999999,0.137
736,2013-03-27,0.14400000000000002,0.006,0.138
737,2013-03-28,0.14400000000000002,0.005,0.139
738,2013-03-29,0.14400000000000002,0.005,0.139
739,2013-03-30,0.14400000000000002,0.004,0.14
740,2013-03-31,0.14400000000000002,0.003,0.14100000000000001
741,2013-01-04,0.14400000000000002,0.003,0.14100000000000001
742,2013-02-04,0.14400000000000002,0.002,0.14200000000000002
743,2013-03-04,0.14400000000000002,0.002,0.14200000000000002
744,2013-04-04,0.14400000000000002,0.002,0.14200000000000002
745,2013-05-04,0.14400000000000002,0.001,0.14300000000000002
746,2013-06-04,0.14400000000000002,0.001,0.14300000000000002
747,2013-07-04,0.14400000000000002,0.001,0.14300000000000002
748,2013-08-04,0.14400000000000002,0.001,0.14300000000000002
749,2013-09-04,0.14400000000000002,0.001,0.14300000000000002
750,2013-10-04,0.14400000000000002,0.001,0.14300000000000002
751,2013-11-04,0.14400000000000002,0.001,0.14300000000000002
752,2013-12-04,0.14400000000000002,0.003,0.14100000000000001
753,2013-04-13,0.14400000000000002,0.005,0.139
754,2013-04-14,0.14400000000000002,0.006,0.138
755,2013-04-15,0.8640000000000001,1.266,-0.4019999999999999
756,2013-04-16,2.016,3.3310000000000004,-1.3150000000000004
757,2013-04-17,4.176,5.922000000000001,-1.7460000000000004
758,2013-04-18,8.783999999999999,10.92,-2.136000000000001
759,2013-04-19,10.8,8.336,2.4640000000000004
760,2013-04-20,9.072000000000001,4.996,4.0760000000000005
761,2013-04-21,7.2,3.145,4.055
762,2013-04-22,5.472,3.85,1.6220000000000003
763,2013-04-23,5.184,3.805,1.379
764,2013-04-24,6.047999999999999,4.275,1.7729999999999988
765,2013-04-25,5.327999999999999,4.533,0.794999999999999
766,2013-04-26,5.904,4.1,1.8040000000000003
767,2013-04-27,5.327999999999999,4.061,1.2669999999999995
768,2013-04-28,3.4560000000000004,3.739,-0.2829999999999995
769,2013-04-29,3.168,3.384,-0.21599999999999975
770,2013-04-30,4.176,3.5869999999999997,0.5890000000000004
771,2013-01-05,4.32,3.383,0.9370000000000003
772,2013-02-05,3.4560000000000004,3.235,0.22100000000000053
773,2013-03-05,2.592,2.978,-0.3860000000000001
774,2013-04-05,4.032,3.4019999999999997,0.6300000000000003
775,2013-05-05,5.184,3.963,1.221
776,2013-06-05,8.64,6.803999999999999,1.8360000000000012
777,2013-07-05,14.4,11.866,2.5340000000000007
778,2013-08-05,13.392000000000001,13.536,-0.14399999999999835
779,2013-09-05,15.84,19.598,-3.757999999999999
780,2013-10-05,11.808,12.905999999999999,-1.097999999999999
781,2013-11-05,13.968,11.988,1.9800000000000004
782,2013-12-05,12.384,15.282,-2.8979999999999997
783,2013-05-13,8.927999999999999,9.745,-0.8170000000000002
784,2013-05-14,6.624,7.013,-0.38900000000000023
785,2013-05-15,6.192,5.966,0.22599999999999998
786,2013-05-16,21.456,27.933000000000003,-6.477000000000004
787,2013-05-17,12.095999999999998,17.454,-5.358000000000002
788,2013-05-18,17.424,21.969,-4.545000000000002
789,2013-05-19,10.655999999999999,19.502,-8.846
790,2013-05-20,9.648,14.159,-4.511000000000001
791,2013-05-21,6.48,9.615,-3.135
792,2013-05-22,3.6,6.98,-3.3800000000000003
793,2013-05-23,8.352,9.966000000000001,-1.6140000000000008
794,2013-05-24,4.752,8.721,-3.9690000000000003
795,2013-05-25,2.592,5.127000000000001,-2.5350000000000006
796,2013-05-26,1.8719999999999999,4.296,-2.4240000000000004
797,2013-05-27,1.7280000000000002,3.8510000000000004,-2.123
798,2013-05-28,1.8719999999999999,3.536,-1.6640000000000001
799,2013-05-29,3.888,3.552,0.33599999999999985
800,2013-05-30,11.088,7.431,3.656999999999999
801,2013-05-31,5.184,6.52,-1.3359999999999994
802,2013-01-06,3.6,3.662,-0.06199999999999983
803,2013-02-06,6.047999999999999,5.202999999999999,0.8449999999999998
804,2013-03-06,3.4560000000000004,6.365,-2.909
805,2013-04-06,1.8719999999999999,4.061,-2.189
806,2013-05-06,5.184,3.375,1.8090000000000002
807,2013-06-06,3.7439999999999998,3.43,0.3139999999999996
808,2013-07-06,2.592,3.2969999999999997,-0.7049999999999996
809,2013-08-06,1.584,2.8710000000000004,-1.2870000000000004
810,2013-09-06,1.008,2.359,-1.351
811,2013-10-06,0.8640000000000001,1.926,-1.0619999999999998
812,2013-11-06,0.72,1.5619999999999998,-0.8419999999999999
813,2013-12-06,0.5760000000000001,1.258,-0.6819999999999999
814,2013-06-13,4.032,1.205,2.827
815,2013-06-14,5.327999999999999,1.379,3.9489999999999994
816,2013-06-15,2.16,1.301,0.8590000000000002
817,2013-06-16,2.3040000000000003,1.197,1.1070000000000002
818,2013-06-17,1.584,1.1079999999999999,0.4760000000000002
819,2013-06-18,0.8640000000000001,0.899,-0.03499999999999992
820,2013-06-19,0.8640000000000001,0.7190000000000001,0.14500000000000002
821,2013-06-20,1.8719999999999999,0.654,1.218
822,2013-06-21,2.448,0.607,1.841
823,2013-06-22,20.16,8.443999999999999,11.716000000000001
824,2013-06-23,8.64,5.492999999999999,3.147000000000001
825,2013-06-24,9.072000000000001,2.272,6.800000000000001
826,2013-06-25,6.192,2.294,3.898
827,2013-06-26,3.312,2.2319999999999998,1.08
828,2013-06-27,3.168,2.1830000000000003,0.9849999999999999
829,2013-06-28,3.0239999999999996,2.109,0.9149999999999996
830,2013-06-29,12.527999999999999,2.2319999999999998,10.296
831,2013-06-30,6.624,3.468,3.1559999999999997
832,2013-01-07,2.88,2.7310000000000003,0.14899999999999958
833,2013-02-07,2.16,2.296,-0.13599999999999968
834,2013-03-07,1.8719999999999999,2.004,-0.13200000000000012
835,2013-04-07,3.168,1.851,1.3170000000000002
836,2013-05-07,2.016,1.679,0.33699999999999997
837,2013-06-07,1.296,1.369,-0.07299999999999995
838,2013-07-07,0.8640000000000001,1.103,-0.23899999999999988
839,2013-08-07,0.5760000000000001,0.8809999999999999,-0.3049999999999998
840,2013-09-07,0.5760000000000001,0.7,-0.12399999999999989
841,2013-10-07,0.43200000000000005,0.5539999999999999,-0.12199999999999989
842,2013-11-07,0.28800000000000003,0.43799999999999994,-0.1499999999999999
843,2013-12-07,0.28800000000000003,0.34600000000000003,-0.057999999999999996
844,2013-07-13,0.28800000000000003,0.273,0.015000000000000013
845,2013-07-14,0.14400000000000002,0.215,-0.07099999999999998
846,2013-07-15,0.14400000000000002,0.168,-0.023999999999999994
847,2013-07-16,0.14400000000000002,0.132,0.01200000000000001
848,2013-07-17,0.14400000000000002,0.10300000000000001,0.04100000000000001
849,2013-07-18,0.14400000000000002,0.079,0.06500000000000002
850,2013-07-19,0.14400000000000002,0.061,0.08300000000000002
851,2013-07-20,0.14400000000000002,0.046,0.09800000000000002
852,2013-07-21,0.0,0.035,-0.035
853,2013-07-22,0.0,0.026000000000000002,-0.026000000000000002
854,2013-07-23,0.0,0.019,-0.019
855,2013-07-24,0.0,0.013000000000000001,-0.013000000000000001
856,2013-07-25,0.0,0.008,-0.008
857,2013-07-26,0.0,0.005,-0.005
858,2013-07-27,0.0,0.002,-0.002
859,2013-07-28,0.0,0.0,0.0
860,2013-07-29,0.14400000000000002,0.013000000000000001,0.131
861,2013-07-30,0.14400000000000002,0.034,0.11000000000000001
862,2013-07-31,0.14400000000000002,0.040999999999999995,0.10300000000000002
863,2013-01-08,0.14400000000000002,0.034,0.11000000000000001
864,2013-02-08,0.0,0.025,-0.025
865,2013-03-08,1.44,1.3419999999999999,0.09800000000000009
866,2013-04-08,1.008,1.38,-0.3719999999999999
867,2013-05-08,1.008,1.449,-0.44100000000000006
868,2013-06-08,10.8,3.037,7.763000000000001
869,2013-07-08,6.336,11.98,-5.644
870,2013-08-08,4.32,5.388,-1.0679999999999996
871,2013-09-08,4.32,3.326,0.9940000000000002
872,2013-10-08,1.584,2.855,-1.271
873,2013-11-08,0.8640000000000001,2.38,-1.5159999999999998
874,2013-12-08,0.5760000000000001,1.969,-1.393
875,2013-08-13,0.43200000000000005,1.621,-1.189
876,2013-08-14,0.43200000000000005,1.4369999999999998,-1.005
877,2013-08-15,0.28800000000000003,1.288,-1.0
878,2013-08-16,2.016,1.1340000000000001,0.8819999999999999
879,2013-08-17,6.336,3.97,2.366
880,2013-08-18,4.32,3.69,0.6300000000000003
881,2013-08-19,4.176,2.266,1.9100000000000001
882,2013-08-20,1.584,2.093,-0.5089999999999999
883,2013-08-21,1.008,1.733,-0.7250000000000001
884,2013-08-22,0.72,1.429,-0.7090000000000001
885,2013-08-23,0.43200000000000005,1.173,-0.741
886,2013-08-24,0.43200000000000005,0.9590000000000001,-0.527
887,2013-08-25,0.28800000000000003,0.7809999999999999,-0.4929999999999999
888,2013-08-26,0.28800000000000003,0.633,-0.345
889,2013-08-27,0.28800000000000003,0.511,-0.22299999999999998
890,2013-08-28,0.14400000000000002,0.41100000000000003,-0.267
891,2013-08-29,0.14400000000000002,0.32899999999999996,-0.18499999999999994
892,2013-08-30,0.14400000000000002,0.262,-0.118
893,2013-08-31,0.14400000000000002,0.212,-0.06799999999999998
894,2013-01-09,0.14400000000000002,0.17300000000000001,-0.028999999999999998
895,2013-02-09,0.14400000000000002,0.13699999999999998,0.007000000000000034
896,2013-03-09,0.14400000000000002,0.10800000000000001,0.036000000000000004
897,2013-04-09,0.14400000000000002,0.085,0.05900000000000001
898,2013-05-09,0.14400000000000002,0.067,0.07700000000000001
899,2013-06-09,0.28800000000000003,0.083,0.20500000000000002
900,2013-07-09,0.43200000000000005,0.214,0.21800000000000005
901,2013-08-09,0.28800000000000003,0.301,-0.012999999999999956
902,2013-09-09,0.43200000000000005,0.254,0.17800000000000005
903,2013-10-09,0.8640000000000001,0.45,0.4140000000000001
904,2013-11-09,1.584,0.9,0.684
905,2013-12-09,1.584,1.0490000000000002,0.5349999999999999
906,2013-09-13,0.72,0.9440000000000001,-0.2240000000000001
907,2013-09-14,0.8640000000000001,0.892,-0.027999999999999914
908,2013-09-15,4.6080000000000005,2.207,2.4010000000000007
909,2013-09-16,8.496,4.683,3.8130000000000006
910,2013-09-17,4.6080000000000005,3.714,0.8940000000000006
911,2013-09-18,6.624,3.27,3.3539999999999996
912,2013-09-19,3.168,3.005,0.16300000000000026
913,2013-09-20,1.8719999999999999,2.609,-0.7370000000000001
914,2013-09-21,1.1520000000000001,2.188,-1.036
915,2013-09-22,1.008,1.851,-0.843
916,2013-09-23,0.72,1.5659999999999998,-0.8459999999999999
917,2013-09-24,0.5760000000000001,1.308,-0.732
918,2013-09-25,0.5760000000000001,1.089,-0.5129999999999999
919,2013-09-26,0.5760000000000001,0.988,-0.4119999999999999
920,2013-09-27,0.43200000000000005,0.907,-0.475
921,2013-09-28,0.43200000000000005,0.7559999999999999,-0.32399999999999984
922,2013-09-29,0.43200000000000005,0.626,-0.19399999999999995
923,2013-09-30,0.28800000000000003,0.5379999999999999,-0.2499999999999999
924,2013-01-10,0.28800000000000003,0.465,-0.177
925,2013-02-10,0.28800000000000003,0.384,-0.09599999999999997
926,2013-03-10,0.28800000000000003,0.315,-0.02699999999999997
927,2013-04-10,0.43200000000000005,0.259,0.17300000000000004
928,2013-05-10,2.016,1.6869999999999998,0.3290000000000002
929,2013-06-10,1.44,1.235,0.20499999999999985
930,2013-07-10,0.8640000000000001,0.919,-0.05499999999999994
931,2013-08-10,0.72,0.762,-0.04200000000000004
932,2013-09-10,0.72,0.7070000000000001,0.0129999999999999
933,2013-10-10,1.008,1.074,-0.06600000000000006
934,2013-11-10,0.8640000000000001,1.215,-0.351
935,2013-12-10,0.72,1.074,-0.3540000000000001
936,2013-10-13,0.5760000000000001,0.895,-0.31899999999999995
937,2013-10-14,0.43200000000000005,0.742,-0.30999999999999994
938,2013-10-15,0.43200000000000005,0.615,-0.18299999999999994
939,2013-10-16,0.43200000000000005,0.508,-0.07599999999999996
940,2013-10-17,0.43200000000000005,0.42,0.012000000000000066
941,2013-10-18,0.28800000000000003,0.34600000000000003,-0.057999999999999996
942,2013-10-19,0.28800000000000003,0.285,0.003000000000000058
943,2013-10-20,0.28800000000000003,0.285,0.003000000000000058
944,2013-10-21,0.28800000000000003,0.289,-0.0009999999999999454
945,2013-10-22,1.296,0.248,1.048
946,2013-10-23,14.975999999999999,8.888,6.087999999999999
947,2013-10-24,11.088,14.640999999999998,-3.552999999999999
948,2013-10-25,4.752,6.246,-1.4940000000000007
949,2013-10-26,8.352,6.564,1.7880000000000003
950,2013-10-27,5.76,4.698,1.0619999999999994
951,2013-10-28,4.4639999999999995,4.018,0.44599999999999973
952,2013-10-29,2.736,3.225,-0.4889999999999999
953,2013-10-30,1.8719999999999999,2.636,-0.7640000000000002
954,2013-10-31,1.584,2.377,-0.7929999999999997
955,2013-01-11,2.016,2.496,-0.48
956,2013-02-11,1.584,2.338,-0.754
957,2013-03-11,10.368,5.454,4.914000000000001
958,2013-04-11,9.792,9.207,0.5849999999999991
959,2013-05-11,3.7439999999999998,4.675,-0.931
960,2013-06-11,2.16,2.804,-0.6439999999999997
961,2013-07-11,1.7280000000000002,2.418,-0.69
962,2013-08-11,1.7280000000000002,2.531,-0.8029999999999999
963,2013-09-11,2.016,2.7680000000000002,-0.7520000000000002
964,2013-10-11,2.016,2.833,-0.8170000000000002
965,2013-11-11,1.44,2.588,-1.1480000000000001
966,2013-12-11,1.584,2.234,-0.6499999999999999
967,2013-11-13,1.584,2.198,-0.6139999999999999
968,2013-11-14,1.44,2.102,-0.6619999999999999
969,2013-11-15,2.16,1.926,0.2340000000000002
970,2013-11-16,2.88,1.92,0.96
971,2013-11-17,4.176,1.87,2.306
972,2013-11-18,1.8719999999999999,1.682,0.18999999999999995
973,2013-11-19,1.7280000000000002,1.824,-0.09599999999999986
974,2013-11-20,1.008,1.797,-0.7889999999999999
975,2013-11-21,0.72,1.531,-0.8109999999999999
976,2013-11-22,0.5760000000000001,1.297,-0.7209999999999999
977,2013-11-23,0.5760000000000001,1.099,-0.5229999999999999
978,2013-11-24,0.43200000000000005,0.9309999999999999,-0.4989999999999999
979,2013-11-25,0.43200000000000005,0.79,-0.358
980,2013-11-26,0.72,0.669,0.050999999999999934
981,2013-11-27,0.72,0.603,0.11699999999999999
982,2013-11-28,0.43200000000000005,0.591,-0.15899999999999992
983,2013-11-29,0.43200000000000005,0.547,-0.11499999999999999
984,2013-11-30,0.43200000000000005,0.46799999999999997,-0.03599999999999992
985,2013-01-12,0.43200000000000005,0.698,-0.2659999999999999
986,2013-02-12,0.43200000000000005,0.826,-0.3939999999999999
987,2013-03-12,0.43200000000000005,0.9890000000000001,-0.557
988,2013-04-12,0.43200000000000005,1.137,-0.705
989,2013-05-12,0.5760000000000001,1.069,-0.4929999999999999
990,2013-06-12,0.43200000000000005,0.9179999999999999,-0.4859999999999999
991,2013-07-12,0.43200000000000005,0.782,-0.35
992,2013-08-12,0.5760000000000001,0.6659999999999999,-0.08999999999999986
993,2013-09-12,0.43200000000000005,0.57,-0.1379999999999999
994,2013-10-12,0.28800000000000003,0.486,-0.19799999999999995
995,2013-11-12,0.43200000000000005,0.608,-0.17599999999999993
996,2013-12-12,0.5760000000000001,2.7689999999999997,-2.1929999999999996
997,2013-12-13,0.72,2.6510000000000002,-1.9310000000000003
998,2013-12-14,0.72,1.716,-0.996
999,2013-12-15,0.8640000000000001,1.48,-0.6159999999999999
1000,2013-12-16,3.4560000000000004,1.2819999999999998,2.1740000000000004
1001,2013-12-17,4.6080000000000005,2.928,1.6800000000000006
1002,2013-12-18,2.448,2.1959999999999997,0.2520000000000002
1003,2013-12-19,2.3040000000000003,1.7,0.6040000000000003
1004,2013-12-20,2.016,1.655,0.361
1005,2013-12-21,2.016,1.546,0.47
1006,2013-12-22,6.192,11.013,-4.821
1007,2013-12-23,3.7439999999999998,5.597,-1.8530000000000006
1008,2013-12-24,8.352,2.218,6.134
1009,2013-12-25,8.064,5.8839999999999995,2.1800000000000006
1010,2013-12-26,4.752,7.901,-3.149
1011,2013-12-27,3.7439999999999998,4.227,-0.48300000000000054
1012,2013-12-28,7.056,9.032,-1.976
1013,2013-12-29,4.4639999999999995,7.587000000000001,-3.123000000000001
1014,2013-12-30,2.88,3.701,-0.8210000000000002
1015,2013-12-31,4.896,4.427,0.4690000000000003
1016,2014-01-01,5.184,5.111000000000001,0.07299999999999951
1017,2014-02-01,4.176,3.917,0.25900000000000034
1018,2014-03-01,4.752,3.844,0.9079999999999999
1019,2014-04-01,6.336,6.351,-0.01499999999999968
1020,2014-05-01,4.4639999999999995,6.135,-1.6710000000000003
1021,2014-06-01,3.7439999999999998,4.207,-0.4630000000000001
1022,2014-07-01,7.056,6.239,0.8170000000000002
1023,2014-08-01,7.343999999999999,7.9079999999999995,-0.5640000000000001
1024,2014-09-01,4.752,5.75,-0.9980000000000002
1025,2014-10-01,3.168,4.048,-0.8799999999999999
1026,2014-11-01,2.3040000000000003,3.446,-1.142
1027,2014-12-01,1.584,2.9360000000000004,-1.3520000000000003
1028,2014-01-13,1.44,2.499,-1.0590000000000002
1029,2014-01-14,1.44,2.126,-0.6859999999999999
1030,2014-01-15,1.296,1.81,-0.514
1031,2014-01-16,1.1520000000000001,1.54,-0.3879999999999999
1032,2014-01-17,1.008,1.315,-0.30699999999999994
1033,2014-01-18,1.008,1.125,-0.11699999999999999
1034,2014-01-19,0.8640000000000001,0.9620000000000001,-0.09799999999999998
1035,2014-01-20,0.8640000000000001,0.821,0.04300000000000015
1036,2014-01-21,0.8640000000000001,0.698,0.16600000000000015
1037,2014-01-22,0.72,0.594,0.126
1038,2014-01-23,0.72,0.505,0.21499999999999997
1039,2014-01-24,0.72,0.431,0.289
1040,2014-01-25,0.72,0.368,0.352
1041,2014-01-26,0.5760000000000001,0.314,0.26200000000000007
1042,2014-01-27,0.5760000000000001,0.268,0.30800000000000005
1043,2014-01-28,0.5760000000000001,0.231,0.3450000000000001
1044,2014-01-29,0.5760000000000001,0.201,0.37500000000000006
1045,2014-01-30,0.5760000000000001,0.174,0.4020000000000001
1046,2014-01-31,0.5760000000000001,0.15,0.42600000000000005
1047,2014-01-02,0.5760000000000001,0.13,0.44600000000000006
1048,2014-02-02,0.72,0.114,0.606
1049,2014-03-02,0.72,0.11599999999999999,0.604
1050,2014-04-02,0.5760000000000001,0.131,0.44500000000000006
1051,2014-05-02,0.5760000000000001,0.128,0.44800000000000006
1052,2014-06-02,0.5760000000000001,0.111,0.4650000000000001
1053,2014-07-02,0.5760000000000001,0.098,0.4780000000000001
1054,2014-08-02,0.5760000000000001,0.08900000000000001,0.48700000000000004
1055,2014-09-02,0.8640000000000001,0.084,0.7800000000000001
1056,2014-10-02,0.8640000000000001,0.151,0.7130000000000001
1057,2014-11-02,0.8640000000000001,0.218,0.6460000000000001
1058,2014-12-02,0.72,0.19899999999999998,0.521
1059,2014-02-13,0.72,0.175,0.5449999999999999
1060,2014-02-14,0.72,0.156,0.564
1061,2014-02-15,1.008,0.217,0.791
1062,2014-02-16,1.296,0.40700000000000003,0.889
1063,2014-02-17,1.008,0.52,0.488
1064,2014-02-18,0.8640000000000001,0.484,0.3800000000000001
1065,2014-02-19,0.8640000000000001,0.415,0.4490000000000001
1066,2014-02-20,0.72,0.35600000000000004,0.36399999999999993
1067,2014-02-21,0.72,0.307,0.413
1068,2014-02-22,0.72,0.268,0.45199999999999996
1069,2014-02-23,0.8640000000000001,0.254,0.6100000000000001
1070,2014-02-24,2.592,0.517,2.075
1071,2014-02-25,3.312,1.023,2.2889999999999997
1072,2014-02-26,2.592,1.252,1.34
1073,2014-02-27,2.3040000000000003,1.401,0.9030000000000002
1074,2014-02-28,2.16,1.504,0.6560000000000001
1075,2014-01-03,1.8719999999999999,1.607,0.2649999999999999
1076,2014-02-03,1.584,1.525,0.05900000000000016
1077,2014-03-03,1.44,1.308,0.1319999999999999
1078,2014-04-03,1.296,1.128,0.16800000000000015
1079,2014-05-03,1.1520000000000001,1.0070000000000001,0.14500000000000002
1080,2014-06-03,1.296,1.0090000000000001,0.2869999999999999
1081,2014-07-03,3.6,1.7790000000000001,1.821
1082,2014-08-03,4.6080000000000005,2.8539999999999996,1.754000000000001
1083,2014-09-03,4.32,2.521,1.7990000000000004
1084,2014-10-03,5.6160000000000005,4.66,0.9560000000000004
1085,2014-11-03,4.176,3.571,0.605
1086,2014-12-03,3.312,2.685,0.6269999999999998
1087,2014-03-13,3.168,2.74,0.42799999999999994
1088,2014-03-14,3.4560000000000004,3.4010000000000002,0.05500000000000016
1089,2014-03-15,3.4560000000000004,4.748,-1.2919999999999998
1090,2014-03-16,2.88,3.612,-0.7320000000000002
1091,2014-03-17,3.168,4.103,-0.9349999999999996
1092,2014-03-18,2.736,3.458,-0.722
1093,2014-03-19,3.0239999999999996,3.363,-0.3390000000000004
1094,2014-03-20,6.48,8.734,-2.2539999999999996
1095,2014-03-21,9.792,12.465,-2.673
1096,2014-03-22,7.2,6.19,1.0099999999999998
1097,2014-03-23,5.472,3.654,1.8180000000000005
1098,2014-03-24,4.176,3.113,1.0630000000000002
1099,2014-03-25,3.312,2.6460000000000004,0.6659999999999995
1100,2014-03-26,2.736,2.258,0.4780000000000002
1101,2014-03-27,2.16,1.943,0.21700000000000008
1102,2014-03-28,2.16,1.9880000000000002,0.17199999999999993
1103,2014-03-29,2.736,2.2840000000000003,0.45199999999999996
1104,2014-03-30,3.888,2.7510000000000003,1.1369999999999996
1105,2014-03-31,5.184,3.775,1.4090000000000003
1106,2014-01-04,5.327999999999999,3.3369999999999997,1.9909999999999997
1107,2014-02-04,3.888,2.948,0.94
1108,2014-03-04,3.7439999999999998,2.569,1.1749999999999998
1109,2014-04-04,3.7439999999999998,2.193,1.5509999999999997
1110,2014-05-04,3.4560000000000004,1.876,1.5800000000000005
1111,2014-06-04,3.168,1.6640000000000001,1.504
1112,2014-07-04,9.216000000000001,7.367999999999999,1.8480000000000016
1113,2014-08-04,18.0,20.143,-2.1430000000000007
1114,2014-09-04,14.544,15.885,-1.3409999999999993
1115,2014-10-04,10.368,6.545,3.8230000000000004
1116,2014-11-04,7.632000000000001,3.239,4.393000000000001
1117,2014-12-04,6.48,3.278,3.2020000000000004
1118,2014-04-13,6.336,4.0089999999999995,2.327000000000001
1119,2014-04-14,6.768,3.779,2.989
1120,2014-04-15,5.472,3.429,2.0430000000000006
1121,2014-04-16,4.896,3.093,1.803
1122,2014-04-17,5.6160000000000005,3.862,1.7540000000000004
1123,2014-04-18,6.336,4.499,1.8370000000000006
1124,2014-04-19,7.4879999999999995,3.761,3.7269999999999994
1125,2014-04-20,8.927999999999999,4.263999999999999,4.664
1126,2014-04-21,11.808,6.5729999999999995,5.235
1127,2014-04-22,16.704,11.054,5.65
1128,2014-04-23,18.432000000000002,15.359000000000002,3.0730000000000004
1129,2014-04-24,13.104000000000001,12.058,1.0460000000000012
1130,2014-04-25,9.504,8.91,0.5939999999999994
1131,2014-04-26,10.08,7.8420000000000005,2.2379999999999995
1132,2014-04-27,12.815999999999999,9.856,2.959999999999999
1133,2014-04-28,13.968,12.626,1.3420000000000005
1134,2014-04-29,13.536,12.67,0.8659999999999997
1135,2014-04-30,11.088,9.985,1.1029999999999998
1136,2014-01-05,7.056,6.436,0.6200000000000001
1137,2014-02-05,4.752,4.383,0.3689999999999998
1138,2014-03-05,4.032,3.9810000000000003,0.05099999999999971
1139,2014-04-05,3.4560000000000004,3.6660000000000004,-0.20999999999999996
1140,2014-05-05,3.7439999999999998,3.6210000000000004,0.12299999999999933
1141,2014-06-05,7.2,6.028,1.1720000000000006
1142,2014-07-05,15.408,14.328,1.08
1143,2014-08-05,8.208,9.277999999999999,-1.0699999999999985
1144,2014-09-05,5.6160000000000005,5.9,-0.2839999999999998
1145,2014-10-05,6.912000000000001,4.774,2.138000000000001
1146,2014-11-05,7.343999999999999,6.242999999999999,1.101
1147,2014-12-05,8.496,8.25,0.24600000000000044
1148,2014-05-13,9.936,8.673,1.263
1149,2014-05-14,12.24,11.159,1.0809999999999995
1150,2014-05-15,7.92,8.911,-0.9909999999999997
1151,2014-05-16,9.504,7.691,1.8129999999999997
1152,2014-05-17,10.224,8.24,1.984
1153,2014-05-18,9.936,8.414,1.5220000000000002
1154,2014-05-19,8.927999999999999,9.245,-0.31700000000000017
1155,2014-05-20,7.776,9.04,-1.2639999999999993
1156,2014-05-21,7.2,8.228,-1.0279999999999996
1157,2014-05-22,10.944,10.585,0.359
1158,2014-05-23,8.64,9.65,-1.0099999999999998
1159,2014-05-24,8.352,8.834,-0.4819999999999993
1160,2014-05-25,5.04,7.582000000000001,-2.5420000000000007
1161,2014-05-26,3.888,5.831,-1.9430000000000005
1162,2014-05-27,3.168,4.922,-1.7539999999999996
1163,2014-05-28,2.736,4.58,-1.8439999999999999
1164,2014-05-29,1.8719999999999999,4.208,-2.3360000000000003
1165,2014-05-30,1.8719999999999999,3.924,-2.052
1166,2014-05-31,1.44,3.6639999999999997,-2.2239999999999998
1167,2014-01-06,1.1520000000000001,3.35,-2.198
1168,2014-02-06,1.008,3.036,-2.028
1169,2014-03-06,0.8640000000000001,2.7319999999999998,-1.8679999999999997
1170,2014-04-06,0.8640000000000001,2.439,-1.575
1171,2014-05-06,2.3040000000000003,2.952,-0.6479999999999997
1172,2014-06-06,3.888,3.675,0.21300000000000008
1173,2014-07-06,1.7280000000000002,2.96,-1.2319999999999998
1174,2014-08-06,1.008,2.573,-1.565
1175,2014-09-06,0.72,2.2,-1.4800000000000002
1176,2014-10-06,0.5760000000000001,1.859,-1.283
1177,2014-11-06,0.5760000000000001,1.5630000000000002,-0.9870000000000001
1178,2014-12-06,0.43200000000000005,1.2990000000000002,-0.8670000000000001
1179,2014-06-13,0.28800000000000003,1.0590000000000002,-0.7710000000000001
1180,2014-06-14,0.28800000000000003,0.852,-0.564
1181,2014-06-15,0.14400000000000002,0.679,-0.535
1182,2014-06-16,0.14400000000000002,0.5379999999999999,-0.3939999999999999
1183,2014-06-17,0.14400000000000002,0.425,-0.28099999999999997
1184,2014-06-18,0.14400000000000002,0.336,-0.192
1185,2014-06-19,0.14400000000000002,0.265,-0.121
1186,2014-06-20,0.14400000000000002,0.20800000000000002,-0.064
1187,2014-06-21,0.0,0.163,-0.163
1188,2014-06-22,0.0,0.128,-0.128
1189,2014-06-23,0.0,0.099,-0.099
1190,2014-06-24,0.0,0.087,-0.087
1191,2014-06-25,0.0,0.077,-0.077
1192,2014-06-26,0.14400000000000002,0.06,0.08400000000000002
1193,2014-06-27,0.0,0.046,-0.046
1194,2014-06-28,0.0,0.10400000000000001,-0.10400000000000001
1195,2014-06-29,0.0,0.154,-0.154
1196,2014-06-30,0.14400000000000002,0.163,-0.01899999999999999
1197,2014-01-07,0.14400000000000002,0.171,-0.026999999999999996
1198,2014-02-07,0.14400000000000002,0.142,0.0020000000000000295
1199,2014-03-07,0.14400000000000002,0.11900000000000001,0.02500000000000001
1200,2014-04-07,0.0,0.09699999999999999,-0.09699999999999999
1201,2014-05-07,0.14400000000000002,0.077,0.06700000000000002
1202,2014-06-07,0.14400000000000002,0.08900000000000001,0.05500000000000001
1203,2014-07-07,1.584,0.27,1.314
1204,2014-08-07,1.296,0.502,0.794
1205,2014-09-07,5.327999999999999,3.9539999999999997,1.3739999999999997
1206,2014-10-07,1.1520000000000001,2.884,-1.7319999999999998
1207,2014-11-07,0.43200000000000005,1.386,-0.9539999999999998
1208,2014-12-07,0.28800000000000003,1.1340000000000001,-0.8460000000000001
1209,2014-07-13,0.14400000000000002,0.9209999999999999,-0.7769999999999999
1210,2014-07-14,0.28800000000000003,0.787,-0.499
1211,2014-07-15,0.43200000000000005,0.838,-0.4059999999999999
1212,2014-07-16,0.43200000000000005,0.8540000000000001,-0.42200000000000004
1213,2014-07-17,0.28800000000000003,0.746,-0.45799999999999996
1214,2014-07-18,0.14400000000000002,0.622,-0.478
1215,2014-07-19,0.14400000000000002,0.496,-0.352
1216,2014-07-20,0.14400000000000002,0.392,-0.248
1217,2014-07-21,0.14400000000000002,0.31,-0.16599999999999998
1218,2014-07-22,0.0,0.244,-0.244
1219,2014-07-23,0.0,0.192,-0.192
1220,2014-07-24,0.0,0.151,-0.151
1221,2014-07-25,0.0,0.127,-0.127
1222,2014-07-26,0.14400000000000002,0.111,0.033000000000000015
1223,2014-07-27,0.14400000000000002,0.095,0.049000000000000016
1224,2014-07-28,0.14400000000000002,0.09,0.05400000000000002
1225,2014-07-29,0.0,0.08,-0.08
1226,2014-07-30,0.0,0.062,-0.062
1227,2014-07-31,0.0,0.047,-0.047
1228,2014-01-08,0.0,0.036000000000000004,-0.036000000000000004
1229,2014-02-08,0.43200000000000005,0.031,0.401
1230,2014-03-08,8.208,0.163,8.045
1231,2014-04-08,8.496,10.565,-2.068999999999999
1232,2014-05-08,2.016,4.527,-2.511
1233,2014-06-08,0.8640000000000001,1.35,-0.486
1234,2014-07-08,0.5760000000000001,1.1179999999999999,-0.5419999999999998
1235,2014-08-08,0.43200000000000005,0.92,-0.488
1236,2014-09-08,0.28800000000000003,0.753,-0.46499999999999997
1237,2014-10-08,0.72,1.032,-0.31200000000000006
1238,2014-11-08,3.0239999999999996,2.8169999999999997,0.20699999999999985
1239,2014-12-08,8.352,8.408,-0.05599999999999916
1240,2014-08-13,4.6080000000000005,6.584,-1.975999999999999
1241,2014-08-14,4.752,4.617,0.1349999999999998
1242,2014-08-15,2.448,3.005,-0.5569999999999999
1243,2014-08-16,1.584,2.62,-1.036
1244,2014-08-17,1.44,2.504,-1.064
1245,2014-08-18,4.032,2.575,1.4569999999999999
1246,2014-08-19,3.6,2.68,0.9199999999999999
1247,2014-08-20,1.584,2.4530000000000003,-0.8690000000000002
1248,2014-08-21,1.1520000000000001,2.11,-0.9579999999999997
1249,2014-08-22,0.8640000000000001,1.806,-0.942
1250,2014-08-23,3.168,1.751,1.4170000000000003
1251,2014-08-24,2.3040000000000003,1.665,0.6390000000000002
1252,2014-08-25,1.1520000000000001,1.46,-0.30799999999999983
1253,2014-08-26,0.8640000000000001,1.284,-0.41999999999999993
1254,2014-08-27,0.5760000000000001,1.088,-0.512
1255,2014-08-28,0.43200000000000005,0.889,-0.45699999999999996
1256,2014-08-29,0.43200000000000005,0.723,-0.2909999999999999
1257,2014-08-30,1.1520000000000001,0.7040000000000001,0.44800000000000006
1258,2014-08-31,6.336,8.065,-1.7289999999999992
1259,2014-01-09,2.88,4.507,-1.6269999999999998
1260,2014-02-09,1.584,1.7080000000000002,-0.12400000000000011
1261,2014-03-09,1.008,1.432,-0.42399999999999993
1262,2014-04-09,0.72,1.189,-0.4690000000000001
1263,2014-05-09,0.5760000000000001,0.9840000000000001,-0.40800000000000003
1264,2014-06-09,1.7280000000000002,0.812,0.9160000000000001
1265,2014-07-09,15.984000000000002,9.794,6.190000000000001
1266,2014-08-09,13.536,16.079,-2.543000000000001
1267,2014-09-09,4.752,5.931,-1.1790000000000003
1268,2014-10-09,2.3040000000000003,2.367,-0.06299999999999972
1269,2014-11-09,1.44,2.068,-0.6280000000000001
1270,2014-12-09,1.1520000000000001,1.7380000000000002,-0.5860000000000001
1271,2014-09-13,0.8640000000000001,1.455,-0.591
1272,2014-09-14,0.72,1.216,-0.496
1273,2014-09-15,0.5760000000000001,1.013,-0.43699999999999983
1274,2014-09-16,0.43200000000000005,0.843,-0.4109999999999999
1275,2014-09-17,0.43200000000000005,0.7,-0.2679999999999999
1276,2014-09-18,0.43200000000000005,0.58,-0.1479999999999999
1277,2014-09-19,0.28800000000000003,0.479,-0.19099999999999995
1278,2014-09-20,0.28800000000000003,0.395,-0.10699999999999998
1279,2014-09-21,0.5760000000000001,0.544,0.03200000000000003
1280,2014-09-22,0.28800000000000003,0.614,-0.32599999999999996
1281,2014-09-23,0.28800000000000003,0.506,-0.21799999999999997
1282,2014-09-24,0.28800000000000003,0.43,-0.14199999999999996
1283,2014-09-25,0.28800000000000003,0.40700000000000003,-0.119
1284,2014-09-26,0.28800000000000003,0.377,-0.08899999999999997
1285,2014-09-27,1.008,0.493,0.515
1286,2014-09-28,0.5760000000000001,0.555,0.02100000000000002
1287,2014-09-29,0.43200000000000005,0.456,-0.023999999999999966
1288,2014-09-30,0.28800000000000003,0.374,-0.08599999999999997
1289,2014-01-10,0.28800000000000003,0.307,-0.01899999999999996
1290,2014-02-10,0.8640000000000001,0.38299999999999995,0.48100000000000015
1291,2014-03-10,0.72,0.442,0.27799999999999997
1292,2014-04-10,0.5760000000000001,0.376,0.20000000000000007
1293,2014-05-10,0.5760000000000001,0.405,0.17100000000000004
1294,2014-06-10,0.5760000000000001,0.431,0.14500000000000007
1295,2014-07-10,0.8640000000000001,0.6459999999999999,0.2180000000000002
1296,2014-08-10,5.76,12.162,-6.402000000000001
1297,2014-09-10,7.632000000000001,11.504000000000001,-3.8720000000000008
1298,2014-10-10,10.512,15.165999999999999,-4.653999999999998
1299,2014-11-10,4.4639999999999995,5.602,-1.1380000000000008
1300,2014-12-10,6.192,4.082,2.1100000000000003
1301,2014-10-13,3.168,3.286,-0.11799999999999988
1302,2014-10-14,1.8719999999999999,2.656,-0.7840000000000003
1303,2014-10-15,1.584,2.33,-0.746
1304,2014-10-16,1.44,2.35,-0.9100000000000001
1305,2014-10-17,1.7280000000000002,2.63,-0.9019999999999997
1306,2014-10-18,4.176,5.625,-1.4489999999999998
1307,2014-10-19,12.96,12.09,0.870000000000001
1308,2014-10-20,7.2,7.484,-0.2839999999999998
1309,2014-10-21,3.4560000000000004,3.782,-0.3259999999999996
1310,2014-10-22,8.064,7.361000000000001,0.7029999999999994
1311,2014-10-23,14.832,11.048,3.7840000000000007
1312,2014-10-24,8.783999999999999,8.843,-0.05900000000000105
1313,2014-10-25,4.896,5.31,-0.4139999999999997
1314,2014-10-26,3.0239999999999996,3.714,-0.6900000000000004
1315,2014-10-27,2.448,3.45,-1.0020000000000002
1316,2014-10-28,2.592,3.094,-0.5019999999999998
1317,2014-10-29,6.624,4.6339999999999995,1.9900000000000002
1318,2014-10-30,2.88,3.593,-0.7130000000000001
1319,2014-10-31,3.168,3.0439999999999996,0.12400000000000055
1320,2014-01-11,5.904,4.742,1.162
1321,2014-02-11,5.904,4.0969999999999995,1.8070000000000004
1322,2014-03-11,6.48,4.697,1.7830000000000004
1323,2014-04-11,7.632000000000001,7.172999999999999,0.4590000000000014
1324,2014-05-11,5.327999999999999,7.2139999999999995,-1.8860000000000001
1325,2014-06-11,3.4560000000000004,4.2669999999999995,-0.810999999999999
1326,2014-07-11,2.3040000000000003,3.39,-1.0859999999999999
1327,2014-08-11,5.76,2.88,2.88
1328,2014-09-11,12.24,6.075,6.165
1329,2014-10-11,7.056,6.525,0.5309999999999997
1330,2014-11-11,4.4639999999999995,4.966,-0.5020000000000007
1331,2014-12-11,2.88,3.573,-0.6930000000000001
1332,2014-11-13,4.176,3.362,0.8140000000000001
1333,2014-11-14,4.896,3.728,1.1679999999999997
1334,2014-11-15,3.7439999999999998,4.209,-0.46499999999999986
1335,2014-11-16,3.4560000000000004,3.972,-0.5159999999999996
1336,2014-11-17,2.592,3.554,-0.9619999999999997
1337,2014-11-18,2.016,3.085,-1.069
1338,2014-11-19,1.7280000000000002,2.785,-1.057
1339,2014-11-20,1.44,2.479,-1.0390000000000001
1340,2014-11-21,1.296,2.116,-0.8200000000000001
1341,2014-11-22,1.1520000000000001,1.797,-0.6449999999999998
1342,2014-11-23,1.8719999999999999,1.527,0.345
1343,2014-11-24,10.8,13.519,-2.7189999999999994
1344,2014-11-25,4.6080000000000005,8.952,-4.343999999999999
1345,2014-11-26,2.736,3.605,-0.8689999999999998
1346,2014-11-27,1.8719999999999999,2.377,-0.5049999999999999
1347,2014-11-28,1.584,2.023,-0.43900000000000006
1348,2014-11-29,1.296,1.72,-0.42399999999999993
1349,2014-11-30,1.1520000000000001,1.462,-0.30999999999999983
1350,2014-01-12,1.1520000000000001,1.2429999999999999,-0.09099999999999975
1351,2014-02-12,1.008,1.057,-0.04899999999999993
1352,2014-03-12,0.8640000000000001,0.898,-0.03399999999999992
1353,2014-04-12,0.8640000000000001,1.088,-0.22399999999999998
1354,2014-05-12,1.44,1.1520000000000001,0.2879999999999998
1355,2014-06-12,3.312,0.981,2.331
1356,2014-07-12,5.184,0.8370000000000001,4.347
1357,2014-08-12,12.527999999999999,0.715,11.812999999999999
1358,2014-09-12,5.904,0.609,5.295
1359,2014-10-12,6.624,0.52,6.103999999999999
1360,2014-11-12,9.504,0.44799999999999995,9.056
1361,2014-12-12,16.992,0.385,16.607
1362,2014-12-13,11.664000000000001,0.327,11.337000000000002
1363,2014-12-14,9.648,0.278,9.37
1364,2014-12-15,11.232000000000001,0.268,10.964
1365,2014-12-16,7.056,0.264,6.792
1366,2014-12-17,0.72,0.228,0.492
1367,2014-12-18,0.5760000000000001,0.195,0.38100000000000006
1368,2014-12-19,0.5760000000000001,0.209,0.3670000000000001
1369,2014-12-20,0.5760000000000001,0.22699999999999998,0.3490000000000001
1370,2014-12-21,0.5760000000000001,0.2,0.37600000000000006
1371,2014-12-22,0.5760000000000001,0.22699999999999998,0.3490000000000001
1372,2014-12-23,0.5760000000000001,0.322,0.25400000000000006
1373,2014-12-24,0.5760000000000001,0.376,0.20000000000000007
1374,2014-12-25,0.43200000000000005,0.35100000000000003,0.08100000000000002
1375,2014-12-26,0.5760000000000001,0.301,0.2750000000000001
1376,2014-12-27,0.43200000000000005,0.255,0.17700000000000005
1377,2014-12-28,0.28800000000000003,0.217,0.07100000000000004
1378,2014-12-29,0.43200000000000005,0.185,0.24700000000000005
1379,2014-12-30,0.43200000000000005,0.165,0.267
1380,2014-12-31,0.8640000000000001,3.0810000000000004,-2.2170000000000005
1381,2015-01-01,1.44,4.827,-3.387
1382,2015-02-01,3.888,8.505,-4.617000000000001
1383,2015-03-01,4.032,4.25,-0.21799999999999997
1384,2015-04-01,3.6,2.119,1.4809999999999999
1385,2015-05-01,2.016,1.8019999999999998,0.2140000000000002
1386,2015-06-01,1.296,1.54,-0.244
1387,2015-07-01,1.7280000000000002,1.641,0.08700000000000019
1388,2015-08-01,1.7280000000000002,1.6740000000000002,0.05400000000000005
1389,2015-09-01,1.44,1.5090000000000001,-0.06900000000000017
1390,2015-10-01,1.296,1.306,-0.010000000000000009
1391,2015-11-01,1.1520000000000001,1.1179999999999999,0.03400000000000025
1392,2015-12-01,1.1520000000000001,0.9570000000000001,0.19500000000000006
1393,2015-01-13,1.1520000000000001,0.877,0.27500000000000013
1394,2015-01-14,1.008,0.8140000000000001,0.19399999999999995
1395,2015-01-15,1.008,0.701,0.30700000000000005
1396,2015-01-16,1.1520000000000001,0.605,0.5470000000000002
1397,2015-01-17,1.1520000000000001,0.525,0.6270000000000001
1398,2015-01-18,1.008,0.45,0.558
1399,2015-01-19,0.8640000000000001,0.382,0.4820000000000001
1400,2015-01-20,0.8640000000000001,0.326,0.538
1401,2015-01-21,0.8640000000000001,0.27899999999999997,0.5850000000000002
1402,2015-01-22,0.72,0.23800000000000002,0.482
1403,2015-01-23,0.8640000000000001,0.203,0.661
1404,2015-01-24,0.72,0.174,0.546
1405,2015-01-25,0.72,0.15,0.57
1406,2015-01-26,0.72,0.127,0.593
1407,2015-01-27,0.5760000000000001,0.10800000000000001,0.4680000000000001
1408,2015-01-28,0.72,0.11199999999999999,0.608
1409,2015-01-29,0.72,0.11699999999999999,0.603
1410,2015-01-30,0.72,0.10099999999999999,0.619
1411,2015-01-31,0.5760000000000001,0.086,0.4900000000000001
1412,2015-01-02,0.5760000000000001,0.073,0.5030000000000001
1413,2015-02-02,0.72,0.062,0.6579999999999999
1414,2015-03-02,0.72,0.053,0.6669999999999999
1415,2015-04-02,0.72,0.045,0.6749999999999999
1416,2015-05-02,0.72,0.038,0.6819999999999999
1417,2015-06-02,0.72,0.033,0.6869999999999999
1418,2015-07-02,0.72,0.183,0.5369999999999999
1419,2015-08-02,0.72,0.294,0.426
1420,2015-09-02,0.72,0.648,0.07199999999999995
1421,2015-10-02,0.72,3.1689999999999996,-2.449
1422,2015-11-02,0.72,4.138999999999999,-3.4189999999999996
1423,2015-12-02,0.5760000000000001,2.205,-1.629
1424,2015-02-13,0.43200000000000005,1.787,-1.355
1425,2015-02-14,0.43200000000000005,1.5190000000000001,-1.0870000000000002
1426,2015-02-15,0.43200000000000005,1.2919999999999998,-0.8599999999999998
1427,2015-02-16,0.43200000000000005,1.099,-0.6669999999999999
1428,2015-02-17,0.43200000000000005,0.9359999999999999,-0.5039999999999999
1429,2015-02-18,0.5760000000000001,1.138,-0.5619999999999998
1430,2015-02-19,1.1520000000000001,4.203,-3.051
1431,2015-02-20,1.7280000000000002,5.058,-3.3299999999999996
1432,2015-02-21,1.8719999999999999,2.544,-0.6720000000000002
1433,2015-02-22,1.296,2.046,-0.7499999999999998
1434,2015-02-23,1.008,1.7409999999999999,-0.7329999999999999
1435,2015-02-24,0.8640000000000001,1.484,-0.6199999999999999
1436,2015-02-25,0.8640000000000001,1.268,-0.4039999999999999
1437,2015-02-26,0.8640000000000001,1.081,-0.21699999999999986
1438,2015-02-27,0.8640000000000001,0.922,-0.05799999999999994
1439,2015-02-28,0.72,0.787,-0.06700000000000006
1440,2015-01-03,0.8640000000000001,0.7190000000000001,0.14500000000000002
1441,2015-02-03,0.8640000000000001,0.711,0.15300000000000014
1442,2015-03-03,0.8640000000000001,0.657,0.20700000000000007
1443,2015-04-03,0.72,0.561,0.15899999999999992
1444,2015-05-03,0.72,0.47600000000000003,0.24399999999999994
1445,2015-06-03,0.72,0.544,0.17599999999999993
1446,2015-07-03,1.1520000000000001,3.467,-2.315
1447,2015-08-03,5.472,8.596,-3.1239999999999997
1448,2015-09-03,6.912000000000001,6.0760000000000005,0.8360000000000003
1449,2015-10-03,6.047999999999999,3.077,2.970999999999999
1450,2015-11-03,5.6160000000000005,5.44,0.17600000000000016
1451,2015-12-03,4.32,4.246,0.07399999999999984
1452,2015-03-13,3.6,2.7910000000000004,0.8089999999999997
1453,2015-03-14,2.88,2.417,0.4630000000000001
1454,2015-03-15,2.592,2.062,0.5300000000000002
1455,2015-03-16,2.3040000000000003,1.9869999999999999,0.3170000000000004
1456,2015-03-17,2.16,2.1,0.06000000000000005
1457,2015-03-18,2.448,2.338,0.10999999999999988
1458,2015-03-19,2.88,2.34,0.54
1459,2015-03-20,2.448,2.602,-0.15399999999999991
1460,2015-03-21,2.448,2.915,-0.4670000000000001
1461,2015-03-22,1.8719999999999999,2.755,-0.883
1462,2015-03-23,1.8719999999999999,2.675,-0.8029999999999999
1463,2015-03-24,2.016,2.7910000000000004,-0.7750000000000004
1464,2015-03-25,1.8719999999999999,2.989,-1.117
1465,2015-03-26,1.8719999999999999,2.803,-0.931
1466,2015-03-27,1.7280000000000002,2.388,-0.6599999999999997
1467,2015-03-28,1.7280000000000002,2.031,-0.30299999999999994
1468,2015-03-29,1.8719999999999999,1.744,0.1279999999999999
1469,2015-03-30,1.008,1.594,-0.5860000000000001
1470,2015-03-31,0.5760000000000001,1.46,-0.8839999999999999
1471,2015-01-04,1.584,1.266,0.31800000000000006
1472,2015-02-04,1.296,1.091,0.20500000000000007
1473,2015-03-04,1.7280000000000002,0.927,0.8010000000000002
1474,2015-04-04,1.584,0.7879999999999999,0.7960000000000002
1475,2015-05-04,1.296,0.669,0.627
1476,2015-06-04,1.296,0.623,0.673
1477,2015-07-04,1.584,2.8760000000000003,-1.2920000000000003
1478,2015-08-04,2.16,6.188,-4.028
1479,2015-09-04,2.3040000000000003,5.886,-3.582
1480,2015-10-04,3.168,5.46,-2.292
1481,2015-11-04,3.4560000000000004,5.939,-2.4829999999999997
1482,2015-12-04,3.7439999999999998,7.2410000000000005,-3.4970000000000008
1483,2015-04-13,2.592,4.803999999999999,-2.2119999999999993
1484,2015-04-14,1.8719999999999999,3.13,-1.258
1485,2015-04-15,2.016,3.145,-1.129
1486,2015-04-16,2.016,3.5239999999999996,-1.5079999999999996
1487,2015-04-17,2.736,3.264,-0.5279999999999996
1488,2015-04-18,3.888,3.127,0.7610000000000001
1489,2015-04-19,4.896,4.349,0.5469999999999997
1490,2015-04-20,7.343999999999999,6.665,0.6789999999999994
1491,2015-04-21,9.504,10.208,-0.7040000000000006
1492,2015-04-22,8.496,9.619,-1.1229999999999993
1493,2015-04-23,9.504,10.585999999999999,-1.081999999999999
1494,2015-04-24,6.336,7.51,-1.1739999999999995
1495,2015-04-25,5.04,5.364,-0.32399999999999984
1496,2015-04-26,6.336,4.707,1.6290000000000004
1497,2015-04-27,3.7439999999999998,4.115,-0.37100000000000044
1498,2015-04-28,2.736,3.4989999999999997,-0.7629999999999995
1499,2015-04-29,2.592,3.0639999999999996,-0.47199999999999953
1500,2015-04-30,2.448,3.2889999999999997,-0.8409999999999997
1501,2015-01-05,2.3040000000000003,3.154,-0.8499999999999996
1502,2015-02-05,2.448,3.032,-0.5840000000000001
1503,2015-03-05,2.448,2.9160000000000004,-0.4680000000000004
1504,2015-04-05,2.88,4.3,-1.42
1505,2015-05-05,4.896,5.815,-0.9190000000000005
1506,2015-06-05,11.376,13.261,-1.8849999999999998
1507,2015-07-05,10.368,10.704,-0.3360000000000003
1508,2015-08-05,5.6160000000000005,6.307,-0.6909999999999998
1509,2015-09-05,3.312,3.7569999999999997,-0.44499999999999984
1510,2015-10-05,2.592,3.571,-0.9790000000000001
1511,2015-11-05,4.4639999999999995,3.685,0.7789999999999995
1512,2015-12-05,7.632000000000001,6.716,0.9160000000000004
1513,2015-05-13,5.04,6.75,-1.71
1514,2015-05-14,4.4639999999999995,4.4639999999999995,0.0
1515,2015-05-15,3.7439999999999998,4.012,-0.2679999999999998
1516,2015-05-16,3.4560000000000004,3.827,-0.37099999999999955
1517,2015-05-17,2.88,3.597,-0.7170000000000001
1518,2015-05-18,2.88,3.264,-0.3839999999999999
1519,2015-05-19,4.752,6.108,-1.3559999999999999
1520,2015-05-20,4.32,6.817,-2.497
1521,2015-05-21,3.7439999999999998,4.013999999999999,-0.2699999999999996
1522,2015-05-22,4.032,3.39,0.6419999999999999
1523,2015-05-23,3.6,3.225,0.375
1524,2015-05-24,3.0239999999999996,2.957,0.06699999999999973
1525,2015-05-25,3.168,2.8089999999999997,0.35900000000000043
1526,2015-05-26,2.88,2.608,0.2719999999999998
1527,2015-05-27,2.448,2.338,0.10999999999999988
1528,2015-05-28,2.736,2.121,0.6150000000000002
1529,2015-05-29,2.736,2.213,0.5230000000000001
1530,2015-05-30,4.032,2.349,1.6829999999999998
1531,2015-05-31,3.312,2.963,0.34899999999999975
1532,2015-01-06,4.32,3.103,1.217
1533,2015-02-06,5.904,2.9189999999999996,2.9850000000000003
1534,2015-03-06,5.327999999999999,5.537000000000001,-0.2090000000000014
1535,2015-04-06,3.312,4.329,-1.017
1536,2015-05-06,2.3040000000000003,2.8819999999999997,-0.5779999999999994
1537,2015-06-06,5.327999999999999,3.234,2.0939999999999994
1538,2015-07-06,3.168,2.844,0.3240000000000003
1539,2015-08-06,2.016,2.4219999999999997,-0.4059999999999997
1540,2015-09-06,1.296,2.033,-0.7369999999999999
1541,2015-10-06,1.1520000000000001,1.6969999999999998,-0.5449999999999997
1542,2015-11-06,1.1520000000000001,1.405,-0.2529999999999999
1543,2015-12-06,1.1520000000000001,1.15,0.002000000000000224
1544,2015-06-13,1.008,0.9309999999999999,0.07700000000000007
1545,2015-06-14,0.5760000000000001,0.7440000000000001,-0.16800000000000004
1546,2015-06-15,0.43200000000000005,0.59,-0.15799999999999992
1547,2015-06-16,0.28800000000000003,0.467,-0.179
1548,2015-06-17,0.43200000000000005,0.375,0.05700000000000005
1549,2015-06-18,0.5760000000000001,0.325,0.25100000000000006
1550,2015-06-19,0.5760000000000001,0.28600000000000003,0.29000000000000004
1551,2015-06-20,0.43200000000000005,0.23199999999999998,0.20000000000000007
1552,2015-06-21,0.28800000000000003,0.184,0.10400000000000004
1553,2015-06-22,0.28800000000000003,0.14400000000000002,0.14400000000000002
1554,2015-06-23,0.28800000000000003,0.11800000000000001,0.17000000000000004
1555,2015-06-24,0.14400000000000002,0.09699999999999999,0.04700000000000003
1556,2015-06-25,0.14400000000000002,0.075,0.06900000000000002
1557,2015-06-26,0.14400000000000002,0.057999999999999996,0.08600000000000002
1558,2015-06-27,0.14400000000000002,0.044000000000000004,0.1
1559,2015-06-28,0.14400000000000002,0.033,0.11100000000000002
1560,2015-06-29,0.14400000000000002,0.024,0.12000000000000002
1561,2015-06-30,0.14400000000000002,0.018000000000000002,0.126
1562,2015-01-07,0.0,0.012,-0.012
1563,2015-02-07,0.0,0.006999999999999999,-0.006999999999999999
1564,2015-03-07,0.0,0.004,-0.004
1565,2015-04-07,0.0,0.0,0.0
1566,2015-05-07,0.0,0.0,0.0
1567,2015-06-07,0.43200000000000005,0.294,0.13800000000000007
1568,2015-07-07,0.14400000000000002,0.556,-0.41200000000000003
1569,2015-08-07,3.0239999999999996,0.998,2.026
1570,2015-09-07,9.504,10.933,-1.4290000000000003
1571,2015-10-07,2.448,5.003,-2.555
1572,2015-11-07,1.008,1.9,-0.8919999999999999
1573,2015-12-07,0.72,1.594,-0.8740000000000001
1574,2015-07-13,0.5760000000000001,1.335,-0.7589999999999999
1575,2015-07-14,0.43200000000000005,1.089,-0.6569999999999999
1576,2015-07-15,0.28800000000000003,0.878,-0.59
1577,2015-07-16,0.14400000000000002,0.703,-0.5589999999999999
1578,2015-07-17,0.14400000000000002,0.5579999999999999,-0.4139999999999999
1579,2015-07-18,0.28800000000000003,0.513,-0.22499999999999998
1580,2015-07-19,0.28800000000000003,0.485,-0.19699999999999995
1581,2015-07-20,0.28800000000000003,0.401,-0.11299999999999999
1582,2015-07-21,0.28800000000000003,0.33,-0.04199999999999998
1583,2015-07-22,0.43200000000000005,0.268,0.16400000000000003
1584,2015-07-23,0.28800000000000003,0.215,0.07300000000000004
1585,2015-07-24,0.14400000000000002,0.16899999999999998,-0.024999999999999967
1586,2015-07-25,0.14400000000000002,0.132,0.01200000000000001
1587,2015-07-26,0.14400000000000002,0.11800000000000001,0.02600000000000001
1588,2015-07-27,0.14400000000000002,0.10800000000000001,0.036000000000000004
1589,2015-07-28,0.14400000000000002,0.086,0.058000000000000024
1590,2015-07-29,0.28800000000000003,0.085,0.203
1591,2015-07-30,1.008,0.405,0.603
1592,2015-07-31,0.43200000000000005,0.568,-0.1359999999999999
1593,2015-01-08,0.28800000000000003,0.47100000000000003,-0.183
1594,2015-02-08,3.0239999999999996,1.162,1.8619999999999997
1595,2015-03-08,1.1520000000000001,1.085,0.06700000000000017
1596,2015-04-08,1.8719999999999999,0.902,0.9699999999999999
1597,2015-05-08,7.056,2.9210000000000003,4.135
1598,2015-06-08,2.592,2.103,0.4889999999999999
1599,2015-07-08,1.8719999999999999,1.4340000000000002,0.4379999999999997
1600,2015-08-08,0.8640000000000001,1.2329999999999999,-0.3689999999999998
1601,2015-09-08,0.72,1.011,-0.2909999999999999
1602,2015-10-08,0.43200000000000005,0.823,-0.3909999999999999
1603,2015-11-08,2.16,0.687,1.473
1604,2015-12-08,1.8719999999999999,0.8029999999999999,1.069
1605,2015-08-13,0.72,0.823,-0.10299999999999998
1606,2015-08-14,0.5760000000000001,0.6679999999999999,-0.09199999999999986
1607,2015-08-15,0.43200000000000005,0.5710000000000001,-0.139
1608,2015-08-16,23.471999999999998,7.962999999999999,15.508999999999999
1609,2015-08-17,12.527999999999999,8.491,4.036999999999999
1610,2015-08-18,4.032,3.427,0.605
1611,2015-08-19,1.8719999999999999,1.81,0.06199999999999983
1612,2015-08-20,1.1520000000000001,1.504,-0.35199999999999987
1613,2015-08-21,0.8640000000000001,1.244,-0.3799999999999999
1614,2015-08-22,0.5760000000000001,1.024,-0.44799999999999995
1615,2015-08-23,0.43200000000000005,0.84,-0.4079999999999999
1616,2015-08-24,0.43200000000000005,0.69,-0.2579999999999999
1617,2015-08-25,12.815999999999999,3.4389999999999996,9.376999999999999
1618,2015-08-26,10.224,14.243,-4.019
1619,2015-08-27,15.264000000000001,14.105,1.1590000000000007
1620,2015-08-28,7.92,7.64,0.28000000000000025
1621,2015-08-29,3.168,3.516,-0.34799999999999986
1622,2015-08-30,2.736,2.516,0.2200000000000002
1623,2015-08-31,1.7280000000000002,2.202,-0.47399999999999975
1624,2015-01-09,3.168,2.2359999999999998,0.9320000000000004
1625,2015-02-09,11.808,18.694000000000003,-6.886000000000003
1626,2015-03-09,12.527999999999999,35.59,-23.062000000000005
1627,2015-04-09,4.6080000000000005,11.123,-6.514999999999999
1628,2015-05-09,2.3040000000000003,3.4210000000000003,-1.117
1629,2015-06-09,1.584,2.891,-1.307
1630,2015-07-09,1.008,2.536,-1.528
1631,2015-08-09,0.72,2.131,-1.4109999999999998
1632,2015-09-09,0.5760000000000001,1.7830000000000001,-1.207
1633,2015-10-09,0.43200000000000005,1.4869999999999999,-1.0549999999999997
1634,2015-11-09,0.43200000000000005,1.238,-0.8059999999999999
1635,2015-12-09,0.43200000000000005,1.3030000000000002,-0.8710000000000001
1636,2015-09-13,3.4560000000000004,4.977,-1.521
1637,2015-09-14,9.792,11.083,-1.2910000000000004
1638,2015-09-15,19.727999999999998,29.293000000000003,-9.565000000000005
1639,2015-09-16,9.792,19.964000000000002,-10.172000000000002
1640,2015-09-17,10.512,9.371,1.141
1641,2015-09-18,7.2,10.455,-3.255
1642,2015-09-19,3.0239999999999996,5.502999999999999,-2.4789999999999996
1643,2015-09-20,1.8719999999999999,3.315,-1.443
1644,2015-09-21,1.296,2.7960000000000003,-1.5000000000000002
1645,2015-09-22,2.448,2.517,-0.06899999999999995
1646,2015-09-23,3.4560000000000004,3.449,0.007000000000000561
1647,2015-09-24,2.736,2.975,-0.23899999999999988
1648,2015-09-25,3.888,3.62,0.2679999999999998
1649,2015-09-26,2.16,3.015,-0.855
1650,2015-09-27,1.296,2.523,-1.227
1651,2015-09-28,1.008,2.119,-1.1110000000000002
1652,2015-09-29,0.8640000000000001,1.776,-0.9119999999999999
1653,2015-09-30,0.72,1.486,-0.766
1654,2015-01-10,0.5760000000000001,1.242,-0.6659999999999999
1655,2015-02-10,0.5760000000000001,1.036,-0.45999999999999996
1656,2015-03-10,0.43200000000000005,0.863,-0.43099999999999994
1657,2015-04-10,0.43200000000000005,0.7170000000000001,-0.28500000000000003
1658,2015-05-10,0.43200000000000005,0.6,-0.16799999999999993
1659,2015-06-10,0.43200000000000005,0.501,-0.06899999999999995
1660,2015-07-10,0.43200000000000005,0.415,0.01700000000000007
1661,2015-08-10,1.008,0.473,0.535
1662,2015-09-10,4.032,2.031,2.001
1663,2015-10-10,3.168,1.979,1.189
1664,2015-11-10,2.016,1.525,0.4910000000000001
1665,2015-12-10,1.8719999999999999,1.3969999999999998,0.4750000000000001
1666,2015-10-13,1.584,1.34,0.244
1667,2015-10-14,1.008,1.196,-0.18799999999999994
1668,2015-10-15,0.8640000000000001,1.01,-0.1459999999999999
1669,2015-10-16,0.72,0.847,-0.127
1670,2015-10-17,0.5760000000000001,0.7090000000000001,-0.133
1671,2015-10-18,0.43200000000000005,0.593,-0.16099999999999992
1672,2015-10-19,0.43200000000000005,0.494,-0.061999999999999944
1673,2015-10-20,0.43200000000000005,0.41,0.022000000000000075
1674,2015-10-21,0.43200000000000005,0.344,0.08800000000000008
1675,2015-10-22,0.43200000000000005,0.32799999999999996,0.10400000000000009
1676,2015-10-23,0.5760000000000001,0.312,0.26400000000000007
1677,2015-10-24,0.43200000000000005,0.26,0.17200000000000004
1678,2015-10-25,0.72,0.325,0.39499999999999996
1679,2015-10-26,0.5760000000000001,0.385,0.19100000000000006
1680,2015-10-27,0.43200000000000005,0.32299999999999995,0.1090000000000001
1681,2015-10-28,0.43200000000000005,0.266,0.16600000000000004
1682,2015-10-29,0.28800000000000003,0.21899999999999997,0.06900000000000006
1683,2015-10-30,0.43200000000000005,0.185,0.24700000000000005
1684,2015-10-31,0.5760000000000001,0.252,0.32400000000000007
1685,2015-01-11,0.5760000000000001,0.317,0.25900000000000006
1686,2015-02-11,0.43200000000000005,0.27699999999999997,0.15500000000000008
1687,2015-03-11,0.43200000000000005,0.22899999999999998,0.20300000000000007
1688,2015-04-11,0.28800000000000003,0.188,0.10000000000000003
1689,2015-05-11,0.28800000000000003,0.162,0.12600000000000003
1690,2015-06-11,0.5760000000000001,0.249,0.32700000000000007
1691,2015-07-11,4.6080000000000005,1.9769999999999999,2.6310000000000007
1692,2015-08-11,7.2,4.921,2.279
1693,2015-09-11,7.2,6.127000000000001,1.0729999999999995
1694,2015-10-11,5.04,4.627,0.41300000000000026
1695,2015-11-11,2.592,2.5069999999999997,0.08500000000000041
1696,2015-12-11,2.592,2.347,0.2450000000000001
1697,2015-11-13,5.472,5.25,0.22200000000000042
1698,2015-11-14,3.6,4.872,-1.2719999999999998
1699,2015-11-15,2.3040000000000003,2.9189999999999996,-0.6149999999999993
1700,2015-11-16,1.8719999999999999,2.762,-0.8900000000000001
1701,2015-11-17,1.8719999999999999,3.052,-1.1800000000000002
1702,2015-11-18,1.7280000000000002,3.055,-1.327
1703,2015-11-19,1.584,2.9410000000000003,-1.3570000000000002
1704,2015-11-20,1.296,2.65,-1.3539999999999999
1705,2015-11-21,1.008,2.255,-1.2469999999999999
1706,2015-11-22,0.8640000000000001,1.912,-1.0479999999999998
1707,2015-11-23,0.72,1.6219999999999999,-0.9019999999999999
1708,2015-11-24,0.72,1.376,-0.6559999999999999
1709,2015-11-25,0.5760000000000001,1.205,-0.629
1710,2015-11-26,0.5760000000000001,1.061,-0.4849999999999999
1711,2015-11-27,1.8719999999999999,1.0090000000000001,0.8629999999999998
1712,2015-11-28,5.904,2.394,3.51
1713,2015-11-29,2.3040000000000003,1.939,0.3650000000000002
1714,2015-11-30,1.44,1.5830000000000002,-0.14300000000000024
1715,2015-01-12,1.1520000000000001,1.349,-0.19699999999999984
1716,2015-02-12,1.008,1.148,-0.1399999999999999
1717,2015-03-12,1.1520000000000001,1.138,0.014000000000000234
1718,2015-04-12,2.16,1.115,1.0450000000000002
1719,2015-05-12,7.776,4.654,3.122
1720,2015-06-12,17.28,27.706999999999997,-10.426999999999996
1721,2015-07-12,7.056,11.773,-4.717
1722,2015-08-12,3.7439999999999998,3.787,-0.04300000000000015
1723,2015-09-12,7.2,6.042999999999999,1.157000000000001
1724,2015-10-12,7.056,8.075,-1.0189999999999992
1725,2015-11-12,4.752,4.87,-0.11800000000000033
1726,2015-12-12,2.592,3.167,-0.5749999999999997
1727,2015-12-13,1.584,2.696,-1.112
1728,2015-12-14,1.296,2.292,-0.9959999999999998
1729,2015-12-15,0.8640000000000001,1.9480000000000002,-1.084
1730,2015-12-16,0.8640000000000001,1.656,-0.7919999999999998
1731,2015-12-17,0.8640000000000001,1.409,-0.5449999999999999
1732,2015-12-18,1.7280000000000002,1.554,0.17400000000000015
1733,2015-12-19,3.312,3.366,-0.05400000000000027
1734,2015-12-20,10.512,7.023,3.4890000000000008
1735,2015-12-21,6.912000000000001,8.693,-1.7809999999999988
1736,2015-12-22,3.7439999999999998,5.474,-1.7300000000000004
1737,2015-12-23,3.888,3.984,-0.09600000000000009
1738,2015-12-24,4.32,6.233,-1.9129999999999994
1739,2015-12-25,8.064,13.745999999999999,-5.681999999999999
1740,2015-12-26,3.312,6.486000000000001,-3.174000000000001
1741,2015-12-27,2.16,3.637,-1.4769999999999999
1742,2015-12-28,1.584,3.094,-1.5099999999999998
1743,2015-12-29,1.296,2.6310000000000002,-1.3350000000000002
1744,2015-12-30,1.296,2.238,-0.942
1745,2015-12-31,2.736,2.274,0.4620000000000002
