,DATE,OBSRUNOFF,SIMRUNOFF,RESIDUAL
0,2012-05-22,4.753,0.0,4.753
1,2012-05-23,4.373,0.0,4.373
2,2012-05-24,4.056,0.0,4.056
3,2012-05-25,4.056,0.0,4.056
4,2012-05-26,4.056,0.0,4.056
5,2012-05-27,4.056,0.0,4.056
6,2012-05-28,4.056,0.0,4.056
7,2012-05-29,4.056,0.207,3.849
8,2012-05-30,3.781,0.26,3.521
9,2012-05-31,3.359,0.24100000000000002,3.118
10,2012-01-06,3.0,0.321,2.679
11,2012-02-06,2.767,0.37,2.397
12,2012-03-06,2.662,0.5539999999999999,2.108
13,2012-04-06,2.577,0.601,1.976
14,2012-05-06,2.6189999999999998,0.706,1.9129999999999998
15,2012-06-06,2.5980000000000003,0.856,1.7420000000000004
16,2012-07-06,2.366,0.888,1.4780000000000002
17,2012-08-06,2.176,0.8420000000000001,1.334
18,2012-09-06,1.943,0.792,1.151
19,2012-10-06,1.817,0.743,1.0739999999999998
20,2012-11-06,1.6269999999999998,0.696,0.9309999999999998
21,2012-12-06,1.5,0.659,0.841
22,2012-06-13,1.3940000000000001,0.625,0.7690000000000001
23,2012-06-14,1.31,0.606,0.7040000000000001
24,2012-06-15,1.246,0.585,0.661
25,2012-06-16,1.141,0.5479999999999999,0.5930000000000001
26,2012-06-17,1.056,0.512,0.544
27,2012-06-18,1.035,0.493,0.5419999999999999
28,2012-06-19,1.225,0.71,0.5150000000000001
29,2012-06-20,1.3940000000000001,0.9420000000000001,0.45200000000000007
30,2012-06-21,1.436,0.941,0.495
31,2012-06-22,1.3940000000000001,0.8959999999999999,0.4980000000000002
32,2012-06-23,1.31,0.846,0.4640000000000001
33,2012-06-24,1.225,0.7979999999999999,0.42700000000000016
34,2012-06-25,1.141,0.752,0.389
35,2012-06-26,1.12,0.7509999999999999,0.3690000000000002
36,2012-06-27,1.056,0.758,0.29800000000000004
37,2012-06-28,1.077,0.7490000000000001,0.32799999999999985
38,2012-06-29,1.014,0.741,0.273
39,2012-06-30,0.993,0.7140000000000001,0.2789999999999999
40,2012-01-07,0.951,0.682,0.2689999999999999
41,2012-02-07,0.929,0.754,0.17500000000000004
42,2012-03-07,0.929,0.8390000000000001,0.08999999999999997
43,2012-04-07,0.866,0.8109999999999999,0.05500000000000005
44,2012-05-07,0.8240000000000001,0.765,0.05900000000000005
45,2012-06-07,0.8240000000000001,0.72,0.10400000000000009
46,2012-07-07,0.8240000000000001,0.677,0.14700000000000002
47,2012-08-07,0.7390000000000001,0.644,0.09500000000000008
48,2012-09-07,0.6970000000000001,0.625,0.07200000000000006
49,2012-10-07,0.8240000000000001,0.745,0.07900000000000007
50,2012-11-07,0.866,0.8540000000000001,0.0119999999999999
51,2012-12-07,0.845,0.815,0.030000000000000027
52,2012-07-13,0.8240000000000001,0.838,-0.013999999999999901
53,2012-07-14,0.782,0.879,-0.09699999999999998
54,2012-07-15,0.7390000000000001,0.85,-0.11099999999999988
55,2012-07-16,0.6970000000000001,0.8029999999999999,-0.10599999999999987
56,2012-07-17,0.655,0.764,-0.10899999999999999
57,2012-07-18,0.6759999999999999,0.738,-0.062000000000000055
58,2012-07-19,0.634,0.7240000000000001,-0.09000000000000008
59,2012-07-20,0.613,0.7,-0.08699999999999997
60,2012-07-21,0.591,0.701,-0.10999999999999999
61,2012-07-22,0.9079999999999999,0.85,0.05799999999999994
62,2012-07-23,1.817,1.195,0.6219999999999999
63,2012-07-24,2.8310000000000004,1.4969999999999999,1.3340000000000005
64,2012-07-25,3.2319999999999998,1.5519999999999998,1.68
65,2012-07-26,3.148,1.495,1.653
66,2012-07-27,3.0,1.4369999999999998,1.5630000000000002
67,2012-07-28,2.873,1.435,1.4380000000000002
68,2012-07-29,2.7039999999999997,1.4909999999999999,1.2129999999999999
69,2012-07-30,2.556,1.507,1.0490000000000002
70,2012-07-31,2.45,1.516,0.9340000000000002
71,2012-01-08,2.0909999999999997,1.5,0.5909999999999997
72,2012-02-08,1.943,1.432,0.5110000000000001
73,2012-03-08,1.796,1.367,0.42900000000000005
74,2012-04-08,1.605,1.304,0.30099999999999993
75,2012-05-08,1.521,1.25,0.2709999999999999
76,2012-06-08,1.3730000000000002,1.203,0.17000000000000015
77,2012-07-08,1.2670000000000001,1.153,0.1140000000000001
78,2012-08-08,1.246,1.147,0.09899999999999998
79,2012-09-08,1.204,1.149,0.05499999999999994
80,2012-10-08,1.183,1.162,0.02100000000000013
81,2012-11-08,1.331,1.21,0.121
82,2012-12-08,1.415,1.2209999999999999,0.19400000000000017
83,2012-08-13,1.3940000000000001,1.188,0.20600000000000018
84,2012-08-14,1.3730000000000002,1.135,0.2380000000000002
85,2012-08-15,1.31,1.083,0.2270000000000001
86,2012-08-16,1.2670000000000001,1.034,0.2330000000000001
87,2012-08-17,1.183,0.988,0.19500000000000006
88,2012-08-18,1.0979999999999999,0.9440000000000001,0.1539999999999998
89,2012-08-19,1.056,0.9009999999999999,0.15500000000000014
90,2012-08-20,1.077,1.016,0.06099999999999994
91,2012-08-21,1.035,1.135,-0.10000000000000009
92,2012-08-22,1.014,1.121,-0.10699999999999998
93,2012-08-23,0.929,1.097,-0.16799999999999993
94,2012-08-24,0.866,1.0490000000000002,-0.18300000000000016
95,2012-08-25,0.866,1.004,-0.138
96,2012-08-26,0.866,1.025,-0.15899999999999992
97,2012-08-27,0.8240000000000001,1.044,-0.21999999999999997
98,2012-08-28,0.8029999999999999,1.0,-0.19700000000000006
99,2012-08-29,0.8240000000000001,0.976,-0.1519999999999999
100,2012-08-30,0.782,0.95,-0.16799999999999993
101,2012-08-31,0.7390000000000001,0.919,-0.17999999999999994
102,2012-01-09,0.718,0.897,-0.17900000000000005
103,2012-02-09,0.718,0.8740000000000001,-0.15600000000000014
104,2012-03-09,0.8029999999999999,0.9159999999999999,-0.11299999999999999
105,2012-04-09,0.9079999999999999,0.99,-0.08200000000000007
106,2012-05-09,1.7530000000000001,1.187,0.5660000000000001
107,2012-06-09,4.309,1.787,2.5220000000000002
108,2012-07-09,6.697,2.727,3.97
109,2012-08-09,11.154000000000002,7.4,3.7540000000000013
110,2012-09-09,12.083,10.399000000000001,1.6839999999999993
111,2012-10-09,11.09,9.365,1.7249999999999996
112,2012-11-09,9.633,8.025,1.6079999999999988
113,2012-12-09,8.703,7.11,1.592999999999999
114,2012-09-13,7.605,6.601,1.0040000000000004
115,2012-09-14,7.415,6.622000000000001,0.7929999999999993
116,2012-09-15,9.612,8.22,1.3919999999999995
117,2012-09-16,11.64,10.213,1.4270000000000014
118,2012-09-17,12.379000000000001,10.886,1.493000000000002
119,2012-09-18,11.407,9.75,1.657
120,2012-09-19,9.527000000000001,7.892,1.6350000000000007
121,2012-09-20,8.006,6.471,1.5350000000000001
122,2012-09-21,6.95,6.483,0.4670000000000005
123,2012-09-22,6.295,6.568,-0.2729999999999997
124,2012-09-23,6.232,5.605,0.6269999999999998
125,2012-09-24,5.3229999999999995,4.504,0.819
126,2012-09-25,3.9930000000000003,3.562,0.4310000000000005
127,2012-09-26,3.464,2.8110000000000004,0.6529999999999996
128,2012-09-27,2.915,2.3169999999999997,0.5980000000000003
129,2012-09-28,2.6189999999999998,2.239,0.3799999999999999
130,2012-09-29,2.26,2.224,0.03599999999999959
131,2012-09-30,2.0069999999999997,2.213,-0.2060000000000004
132,2012-01-10,1.901,2.176,-0.27500000000000013
133,2012-02-10,1.7530000000000001,2.103,-0.3500000000000001
134,2012-03-10,1.669,2.051,-0.3820000000000001
135,2012-04-10,1.6269999999999998,1.999,-0.37200000000000033
136,2012-05-10,1.479,1.916,-0.43699999999999983
137,2012-06-10,1.436,1.834,-0.39800000000000013
138,2012-07-10,2.218,2.7689999999999997,-0.5509999999999997
139,2012-08-10,3.655,5.504,-1.8489999999999998
140,2012-09-10,4.331,5.832000000000001,-1.5010000000000003
141,2012-10-10,4.563,5.4910000000000005,-0.9280000000000008
142,2012-11-10,4.373,5.209,-0.8359999999999994
143,2012-12-10,4.077,4.423,-0.3460000000000001
144,2012-10-13,3.781,3.5010000000000003,0.2799999999999998
145,2012-10-14,3.2739999999999996,2.7680000000000002,0.5059999999999993
146,2012-10-15,2.8939999999999997,2.315,0.5789999999999997
147,2012-10-16,2.641,2.209,0.43199999999999994
148,2012-10-17,2.281,2.117,0.16400000000000015
149,2012-10-18,2.0909999999999997,2.029,0.06199999999999983
150,2012-10-19,1.88,2.012,-0.13200000000000012
151,2012-10-20,1.774,2.006,-0.23199999999999976
152,2012-10-21,1.605,1.9340000000000002,-0.3290000000000002
153,2012-10-22,1.5419999999999998,1.886,-0.3440000000000001
154,2012-10-23,1.69,1.9469999999999998,-0.2569999999999999
155,2012-10-24,3.38,3.27,0.10999999999999988
156,2012-10-25,4.183,5.29,-1.1070000000000002
157,2012-10-26,4.394,4.9,-0.5060000000000002
158,2012-10-27,4.394,4.26,0.13400000000000034
159,2012-10-28,4.162,3.634,0.528
160,2012-10-29,3.845,2.972,0.8730000000000002
161,2012-10-30,3.486,2.415,1.0710000000000002
162,2012-10-31,3.1689999999999996,2.2640000000000002,0.9049999999999994
163,2012-01-11,2.852,2.171,0.681
164,2012-02-11,2.7460000000000004,2.185,0.5610000000000004
165,2012-03-11,3.19,2.438,0.7519999999999998
166,2012-04-11,3.295,2.5540000000000003,0.7409999999999997
167,2012-05-11,3.2319999999999998,2.3,0.9319999999999999
168,2012-06-11,3.0839999999999996,2.206,0.8779999999999997
169,2012-07-11,3.1260000000000003,2.314,0.8120000000000003
170,2012-08-11,3.0839999999999996,2.448,0.6359999999999997
171,2012-09-11,2.873,2.3040000000000003,0.569
172,2012-10-11,2.725,2.227,0.4980000000000002
173,2012-11-11,2.472,2.26,0.2120000000000002
174,2012-12-11,2.641,2.991,-0.3500000000000001
175,2012-11-13,3.0839999999999996,3.485,-0.40100000000000025
176,2012-11-14,3.76,4.195,-0.4350000000000005
177,2012-11-15,7.33,7.59,-0.2599999999999998
178,2012-11-16,10.795,9.972999999999999,0.822000000000001
179,2012-11-17,10.626,9.356,1.2699999999999996
180,2012-11-18,9.568999999999999,7.817,1.751999999999999
181,2012-11-19,8.238999999999999,7.079,1.1599999999999993
182,2012-11-20,7.119,7.006,0.11299999999999955
183,2012-11-21,6.063,6.205,-0.14200000000000035
184,2012-11-22,5.809,5.635,0.17400000000000038
185,2012-11-23,5.64,5.693,-0.052999999999999936
186,2012-11-24,5.83,5.902,-0.07200000000000006
187,2012-11-25,5.556,5.434,0.12199999999999989
188,2012-11-26,5.007,4.321000000000001,0.685999999999999
189,2012-11-27,4.352,3.4339999999999997,0.9180000000000006
190,2012-11-28,3.781,2.728,1.053
191,2012-11-29,3.3169999999999997,2.359,0.9579999999999997
192,2012-11-30,2.8310000000000004,2.263,0.5680000000000005
193,2012-01-12,2.366,2.171,0.19500000000000028
194,2012-02-12,2.028,2.083,-0.05500000000000016
195,2012-03-12,1.796,2.0,-0.20399999999999996
196,2012-04-12,1.6480000000000001,1.923,-0.2749999999999999
197,2012-05-12,1.521,1.848,-0.3270000000000002
198,2012-06-12,1.4580000000000002,1.775,-0.3169999999999997
199,2012-07-12,1.31,1.705,-0.395
200,2012-08-12,1.225,1.635,-0.4099999999999999
201,2012-09-12,1.12,1.569,-0.44899999999999984
202,2012-10-12,1.056,1.505,-0.44899999999999984
203,2012-11-12,1.014,1.4580000000000002,-0.4440000000000002
204,2012-12-12,0.972,1.4169999999999998,-0.44499999999999984
205,2012-12-13,0.972,1.364,-0.3920000000000001
206,2012-12-14,0.929,1.3090000000000002,-0.3800000000000001
207,2012-12-15,0.8240000000000001,1.255,-0.4309999999999998
208,2012-12-16,0.782,1.204,-0.42199999999999993
209,2012-12-17,0.76,1.155,-0.395
210,2012-12-18,0.76,1.1079999999999999,-0.34799999999999986
211,2012-12-19,0.76,1.064,-0.30400000000000005
212,2012-12-20,0.7390000000000001,1.041,-0.3019999999999998
213,2012-12-21,0.6970000000000001,1.018,-0.32099999999999995
214,2012-12-22,0.6759999999999999,0.976,-0.30000000000000004
215,2012-12-23,0.655,0.9359999999999999,-0.2809999999999999
216,2012-12-24,0.634,0.898,-0.264
217,2012-12-25,0.613,0.861,-0.248
218,2012-12-26,0.591,0.826,-0.235
219,2012-12-27,0.655,0.81,-0.15500000000000003
220,2012-12-28,0.7390000000000001,0.863,-0.12399999999999989
221,2012-12-29,0.76,0.8959999999999999,-0.1359999999999999
222,2012-12-30,0.76,0.889,-0.129
223,2012-12-31,0.76,0.882,-0.122
224,2013-01-01,0.7390000000000001,0.855,-0.11599999999999988
225,2013-02-01,0.7390000000000001,0.8420000000000001,-0.10299999999999998
226,2013-03-01,0.8240000000000001,0.9440000000000001,-0.12
227,2013-04-01,1.31,1.591,-0.2809999999999999
228,2013-05-01,2.155,2.1919999999999997,-0.03699999999999992
229,2013-06-01,3.95,3.398,0.552
230,2013-07-01,5.556,5.156000000000001,0.39999999999999947
231,2013-08-01,6.126,5.361000000000001,0.7649999999999997
232,2013-09-01,6.591,5.406000000000001,1.1849999999999996
233,2013-10-01,6.232,4.821000000000001,1.4109999999999996
234,2013-11-01,5.513999999999999,3.838,1.6759999999999993
235,2013-12-01,4.711,3.055,1.6560000000000001
236,2013-01-13,4.013999999999999,2.489,1.5249999999999995
237,2013-01-14,3.464,2.334,1.13
238,2013-01-15,2.8939999999999997,2.24,0.6539999999999995
239,2013-01-16,2.5140000000000002,2.15,0.3640000000000003
240,2013-01-17,2.155,2.063,0.09199999999999964
241,2013-01-18,1.838,1.98,-0.1419999999999999
242,2013-01-19,1.584,1.901,-0.31699999999999995
243,2013-01-20,1.5,1.8259999999999998,-0.32599999999999985
244,2013-01-21,1.3730000000000002,1.754,-0.3809999999999998
245,2013-01-22,1.2670000000000001,1.683,-0.4159999999999999
246,2013-01-23,1.162,1.615,-0.45300000000000007
247,2013-01-24,1.077,1.554,-0.4770000000000001
248,2013-01-25,1.035,1.494,-0.4590000000000001
249,2013-01-26,0.972,1.4369999999999998,-0.46499999999999986
250,2013-01-27,0.9079999999999999,1.382,-0.474
251,2013-01-28,0.9079999999999999,1.3459999999999999,-0.43799999999999994
252,2013-01-29,0.887,1.318,-0.43100000000000005
253,2013-01-30,0.866,1.285,-0.41899999999999993
254,2013-01-31,0.8240000000000001,1.25,-0.42599999999999993
255,2013-01-02,0.845,1.218,-0.373
256,2013-02-02,0.887,1.2309999999999999,-0.34399999999999986
257,2013-03-02,0.887,1.253,-0.3659999999999999
258,2013-04-02,0.887,1.225,-0.3380000000000001
259,2013-05-02,0.845,1.181,-0.3360000000000001
260,2013-06-02,0.845,1.1520000000000001,-0.30700000000000016
261,2013-07-02,0.8240000000000001,1.12,-0.29600000000000004
262,2013-08-02,0.8240000000000001,1.075,-0.2509999999999999
263,2013-09-02,11.492,1.031,10.461
264,2013-10-02,21.695,0.99,20.705000000000002
265,2013-11-02,23.035999999999998,0.95,22.086
266,2013-12-02,18.854,0.9129999999999999,17.941
267,2013-02-13,13.794,0.8759999999999999,12.918000000000001
268,2013-02-14,10.076,0.8420000000000001,9.234
269,2013-02-15,7.404,0.809,6.595
270,2013-02-16,5.492000000000001,0.777,4.715000000000001
271,2013-02-17,4.236000000000001,0.7559999999999999,3.480000000000001
272,2013-02-18,3.475,0.8420000000000001,2.633
273,2013-02-19,4.088,0.9159999999999999,3.172
274,2013-02-20,4.678999999999999,0.879,3.7999999999999994
275,2013-02-21,4.172,0.8440000000000001,3.3279999999999994
276,2013-02-22,3.623,0.82,2.8030000000000004
277,2013-02-23,3.042,0.8079999999999999,2.234
278,2013-02-24,2.556,0.835,1.721
279,2013-02-25,2.176,0.8490000000000001,1.327
280,2013-02-26,1.891,0.856,1.0350000000000001
281,2013-02-27,1.69,1.236,0.45399999999999996
282,2013-02-28,1.415,1.916,-0.5009999999999999
283,2013-01-03,1.2570000000000001,2.345,-1.088
284,2013-02-03,1.12,2.543,-1.423
285,2013-03-03,1.035,2.597,-1.562
286,2013-04-03,0.982,2.705,-1.723
287,2013-05-03,0.94,4.566,-3.626
288,2013-06-03,1.025,6.7589999999999995,-5.734
289,2013-07-03,11.45,6.599,4.850999999999999
290,2013-08-03,9.907,5.337999999999999,4.569000000000001
291,2013-09-03,8.387,4.263999999999999,4.123000000000001
292,2013-10-03,7.33,3.397,3.9330000000000003
293,2013-11-03,5.428999999999999,2.8280000000000003,2.600999999999999
294,2013-12-03,4.711,2.53,2.1810000000000005
295,2013-03-13,4.056,2.3930000000000002,1.6629999999999998
296,2013-03-14,3.57,2.3,1.27
297,2013-03-15,2.9789999999999996,2.21,0.7689999999999997
298,2013-03-16,2.641,2.121,0.52
299,2013-03-17,2.641,2.036,0.605
300,2013-03-18,2.641,1.954,0.687
301,2013-03-19,2.641,1.875,0.766
302,2013-03-20,2.239,1.8,0.43899999999999983
303,2013-03-21,1.4580000000000002,1.7280000000000002,-0.27
304,2013-03-22,1.331,1.6580000000000001,-0.3270000000000002
305,2013-03-23,1.3519999999999999,1.591,-0.2390000000000001
306,2013-03-24,1.3519999999999999,1.527,-0.17500000000000004
307,2013-03-25,1.035,1.4669999999999999,-0.43199999999999994
308,2013-03-26,0.972,1.4340000000000002,-0.4620000000000002
309,2013-03-27,0.993,1.412,-0.41899999999999993
310,2013-03-28,1.056,1.374,-0.31800000000000006
311,2013-03-29,1.077,1.328,-0.2510000000000001
312,2013-03-30,1.077,1.274,-0.19700000000000006
313,2013-03-31,1.077,1.2229999999999999,-0.1459999999999999
314,2013-01-04,1.077,1.196,-0.119
315,2013-02-04,1.077,1.1840000000000002,-0.1070000000000002
316,2013-03-04,1.014,1.16,-0.1459999999999999
317,2013-04-04,0.951,1.141,-0.19000000000000006
318,2013-05-04,0.972,1.1179999999999999,-0.1459999999999999
319,2013-06-04,0.951,1.08,-0.12900000000000011
320,2013-07-04,0.887,1.0390000000000001,-0.15200000000000014
321,2013-08-04,0.866,0.997,-0.131
322,2013-09-04,0.887,0.9570000000000001,-0.07000000000000006
323,2013-10-04,0.887,0.925,-0.038000000000000034
324,2013-11-04,0.887,0.895,-0.008000000000000007
325,2013-12-04,0.866,0.8590000000000001,0.006999999999999895
326,2013-04-13,0.845,0.8240000000000001,0.020999999999999908
327,2013-04-14,0.845,0.7909999999999999,0.05400000000000005
328,2013-04-15,0.782,0.866,-0.08399999999999996
329,2013-04-16,0.76,1.3459999999999999,-0.5859999999999999
330,2013-04-17,1.225,2.698,-1.4729999999999999
331,2013-04-18,2.8310000000000004,5.625,-2.7939999999999996
332,2013-04-19,6.147,7.997999999999999,-1.850999999999999
333,2013-04-20,8.07,8.982999999999999,-0.9129999999999985
334,2013-04-21,8.281,8.25,0.031000000000000583
335,2013-04-22,8.533999999999999,8.57,-0.036000000000001364
336,2013-04-23,8.724,8.962,-0.23799999999999955
337,2013-04-24,9.886000000000001,10.134,-0.24799999999999933
338,2013-04-25,12.168,12.182,-0.014000000000001123
339,2013-04-26,13.435,12.49,0.9450000000000003
340,2013-04-27,13.478,11.702,1.7759999999999998
341,2013-04-28,13.478,10.267999999999999,3.210000000000001
342,2013-04-29,10.857999999999999,9.242,1.6159999999999979
343,2013-04-30,9.844,8.547,1.2969999999999988
344,2013-01-05,8.597999999999999,7.517,1.0809999999999986
345,2013-02-05,8.597999999999999,7.016,1.581999999999999
346,2013-03-05,7.689,6.403,1.2860000000000005
347,2013-04-05,6.992000000000001,5.369,1.623000000000001
348,2013-05-05,7.013,5.282,1.7309999999999999
349,2013-06-05,6.675,7.87,-1.1950000000000003
350,2013-07-05,7.478,10.963,-3.4849999999999994
351,2013-08-05,9.802,11.835,-2.0330000000000013
352,2013-09-05,10.71,13.894,-3.1839999999999993
353,2013-10-05,12.675,16.365,-3.6899999999999977
354,2013-11-05,14.449000000000002,16.308,-1.8589999999999982
355,2013-12-05,14.449000000000002,15.597999999999999,-1.1489999999999974
356,2013-05-13,14.449000000000002,15.312000000000001,-0.8629999999999995
357,2013-05-14,15.800999999999998,14.874,0.9269999999999978
358,2013-05-15,16.498,13.18,3.3180000000000014
359,2013-05-16,16.498,12.302999999999999,4.195000000000002
360,2013-05-17,16.498,12.634,3.8640000000000008
361,2013-05-18,16.498,13.515,2.9830000000000005
362,2013-05-19,16.498,14.898,1.6000000000000014
363,2013-05-20,15.273,15.508,-0.23499999999999943
364,2013-05-21,11.957,15.717,-3.76
365,2013-05-22,11.957,16.64,-4.683
366,2013-05-23,11.302,16.225,-4.923000000000002
367,2013-05-24,10.605,13.85,-3.244999999999999
368,2013-05-25,10.583,11.535,-0.952
369,2013-05-26,9.992,9.48,0.5120000000000005
370,2013-05-27,6.167999999999999,7.7010000000000005,-1.5330000000000013
371,2013-05-28,5.471,6.271,-0.7999999999999998
372,2013-05-29,4.88,5.061,-0.18100000000000005
373,2013-05-30,4.077,4.022,0.054999999999999716
374,2013-05-31,3.57,3.167,0.403
375,2013-01-06,3.253,2.57,0.6830000000000003
376,2013-02-06,2.4930000000000003,2.123,0.3700000000000001
377,2013-03-06,2.4930000000000003,3.4539999999999997,-0.9609999999999994
378,2013-04-06,2.387,4.853,-2.4659999999999997
379,2013-05-06,2.366,4.168,-1.802
380,2013-06-06,2.366,3.285,-0.919
381,2013-07-06,2.345,2.563,-0.21799999999999997
382,2013-08-06,2.324,2.209,0.11499999999999977
383,2013-09-06,2.303,2.8489999999999998,-0.5459999999999998
384,2013-10-06,2.281,3.1830000000000003,-0.9020000000000001
385,2013-11-06,2.26,2.58,-0.3200000000000003
386,2013-12-06,2.218,2.108,0.10999999999999988
387,2013-06-13,2.218,1.99,0.22799999999999998
388,2013-06-14,1.817,1.9880000000000002,-0.17100000000000026
389,2013-06-15,1.584,2.544,-0.96
390,2013-06-16,1.584,2.972,-1.388
391,2013-06-17,1.584,2.7689999999999997,-1.1849999999999996
392,2013-06-18,1.7109999999999999,2.55,-0.839
393,2013-06-19,1.817,2.151,-0.33399999999999985
394,2013-06-20,1.817,2.25,-0.43300000000000005
395,2013-06-21,1.6480000000000001,2.229,-0.581
396,2013-06-22,1.5,3.505,-2.005
397,2013-06-23,1.838,4.86,-3.0220000000000002
398,2013-06-24,2.535,4.231,-1.6959999999999997
399,2013-06-25,2.281,3.714,-1.4329999999999998
400,2013-06-26,2.155,3.2710000000000004,-1.1160000000000005
401,2013-06-27,2.07,2.536,-0.4660000000000002
402,2013-06-28,2.07,2.1630000000000003,-0.09300000000000042
403,2013-06-29,2.07,2.061,0.008999999999999897
404,2013-06-30,2.07,2.044,0.0259999999999998
405,2013-01-07,1.796,2.025,-0.22899999999999987
406,2013-02-07,1.3519999999999999,1.9680000000000002,-0.6160000000000003
407,2013-03-07,1.2670000000000001,1.91,-0.6429999999999998
408,2013-04-07,1.204,1.821,-0.617
409,2013-05-07,1.12,1.795,-0.6749999999999998
410,2013-06-07,1.0979999999999999,1.8319999999999999,-0.734
411,2013-07-07,1.0979999999999999,1.8119999999999998,-0.714
412,2013-08-07,1.0979999999999999,1.7730000000000001,-0.6750000000000003
413,2013-09-07,1.0979999999999999,1.745,-0.6470000000000002
414,2013-10-07,1.0979999999999999,1.7309999999999999,-0.633
415,2013-11-07,1.0979999999999999,1.712,-0.6140000000000001
416,2013-12-07,0.845,1.642,-0.7969999999999999
417,2013-07-13,0.782,1.578,-0.796
418,2013-07-14,0.845,1.649,-0.804
419,2013-07-15,1.732,2.156,-0.42400000000000015
420,2013-07-16,4.035,3.5669999999999997,0.4680000000000004
421,2013-07-17,5.218,4.348,0.8700000000000001
422,2013-07-18,6.126,4.978,1.1480000000000006
423,2013-07-19,6.718,5.272,1.4459999999999997
424,2013-07-20,6.95,5.303999999999999,1.6460000000000008
425,2013-07-21,6.95,5.099,1.851
426,2013-07-22,6.528,4.334,2.194
427,2013-07-23,6.126,3.391,2.7350000000000003
428,2013-07-24,5.577000000000001,2.641,2.936000000000001
429,2013-07-25,4.225,2.1430000000000002,2.0819999999999994
430,2013-07-26,3.929,2.025,1.904
431,2013-07-27,3.929,1.935,1.9939999999999998
432,2013-07-28,2.197,1.85,0.347
433,2013-07-29,1.901,1.8019999999999998,0.0990000000000002
434,2013-07-30,1.669,1.754,-0.08499999999999996
435,2013-07-31,1.732,1.837,-0.10499999999999998
436,2013-01-08,2.45,2.0340000000000003,0.4159999999999999
437,2013-02-08,2.5140000000000002,2.063,0.45100000000000007
438,2013-03-08,2.556,1.975,0.581
439,2013-04-08,2.345,1.969,0.3760000000000001
440,2013-05-08,2.0909999999999997,2.003,0.08799999999999963
441,2013-06-08,1.922,1.96,-0.038000000000000034
442,2013-07-08,1.859,1.98,-0.121
443,2013-08-08,1.7530000000000001,1.996,-0.24299999999999988
444,2013-09-08,1.669,1.965,-0.29600000000000004
445,2013-10-08,1.69,1.956,-0.266
446,2013-11-08,1.6480000000000001,1.893,-0.24499999999999988
447,2013-12-08,1.5630000000000002,1.858,-0.29499999999999993
448,2013-08-13,1.6269999999999998,1.883,-0.2560000000000002
449,2013-08-14,1.605,1.8719999999999999,-0.2669999999999999
450,2013-08-15,1.5419999999999998,1.801,-0.2590000000000001
451,2013-08-16,1.415,1.724,-0.30899999999999994
452,2013-08-17,1.331,1.665,-0.3340000000000001
453,2013-08-18,1.2670000000000001,1.609,-0.34199999999999986
454,2013-08-19,1.31,1.615,-0.30499999999999994
455,2013-08-20,1.3519999999999999,1.683,-0.3310000000000002
456,2013-08-21,1.7109999999999999,1.829,-0.1180000000000001
457,2013-08-22,2.408,1.993,0.4149999999999998
458,2013-08-23,2.472,1.996,0.476
459,2013-08-24,2.4290000000000003,1.912,0.5170000000000003
460,2013-08-25,2.028,1.8319999999999999,0.19600000000000017
461,2013-08-26,1.922,1.755,0.16700000000000004
462,2013-08-27,1.7530000000000001,1.681,0.07200000000000006
463,2013-08-28,1.584,1.692,-0.10799999999999987
464,2013-08-29,1.5,1.72,-0.21999999999999997
465,2013-08-30,1.415,1.665,-0.25
466,2013-08-31,1.2890000000000001,1.5919999999999999,-0.3029999999999997
467,2013-01-09,1.2670000000000001,1.6059999999999999,-0.33899999999999975
468,2013-02-09,1.183,1.643,-0.45999999999999996
469,2013-03-09,1.141,1.61,-0.4690000000000001
470,2013-04-09,1.0979999999999999,1.567,-0.4690000000000001
471,2013-05-09,1.014,1.51,-0.496
472,2013-06-09,0.993,1.443,-0.45000000000000007
473,2013-07-09,0.9079999999999999,1.38,-0.472
474,2013-08-09,0.887,1.318,-0.43100000000000005
475,2013-09-09,0.845,1.26,-0.41500000000000004
476,2013-10-09,0.8029999999999999,1.203,-0.40000000000000013
477,2013-11-09,0.7390000000000001,1.159,-0.41999999999999993
478,2013-12-09,0.718,1.117,-0.399
479,2013-09-13,0.6759999999999999,1.067,-0.391
480,2013-09-14,0.655,1.0190000000000001,-0.3640000000000001
481,2013-09-15,0.6759999999999999,1.04,-0.3640000000000001
482,2013-09-16,0.634,1.058,-0.42400000000000004
483,2013-09-17,0.613,1.01,-0.397
484,2013-09-18,0.57,0.9640000000000001,-0.39400000000000013
485,2013-09-19,0.57,0.919,-0.3490000000000001
486,2013-09-20,0.528,0.877,-0.349
487,2013-09-21,0.507,0.836,-0.32899999999999996
488,2013-09-22,0.57,0.925,-0.3550000000000001
489,2013-09-23,0.782,1.224,-0.44199999999999995
490,2013-09-24,0.972,1.4680000000000002,-0.4960000000000002
491,2013-09-25,1.056,1.546,-0.49
492,2013-09-26,1.056,1.534,-0.478
493,2013-09-27,1.035,1.4669999999999999,-0.43199999999999994
494,2013-09-28,1.056,1.422,-0.3659999999999999
495,2013-09-29,1.014,1.3780000000000001,-0.3640000000000001
496,2013-09-30,0.993,1.3259999999999998,-0.33299999999999985
497,2013-01-10,0.929,1.2770000000000001,-0.3480000000000001
498,2013-02-10,0.887,1.22,-0.33299999999999996
499,2013-03-10,0.866,1.165,-0.29900000000000004
500,2013-04-10,0.8240000000000001,1.113,-0.2889999999999999
501,2013-05-10,0.866,1.148,-0.2819999999999999
502,2013-06-10,1.077,1.275,-0.19799999999999995
503,2013-07-10,2.345,1.631,0.7140000000000002
504,2013-08-10,4.288,2.126,2.1620000000000004
505,2013-09-10,5.809,3.353,2.456
506,2013-10-10,6.337000000000001,4.176,2.1610000000000005
507,2013-11-10,5.872999999999999,3.866,2.0069999999999992
508,2013-12-10,5.176,3.335,1.8410000000000002
509,2013-10-13,4.563,2.747,1.8159999999999998
510,2013-10-14,3.971,2.3,1.6710000000000003
511,2013-10-15,3.443,2.207,1.2360000000000002
512,2013-10-16,2.915,2.14,0.7749999999999999
513,2013-10-17,2.662,2.154,0.508
514,2013-10-18,2.408,2.199,0.20900000000000007
515,2013-10-19,2.324,2.214,0.10999999999999988
516,2013-10-20,2.0909999999999997,2.188,-0.09700000000000042
517,2013-10-21,1.901,2.103,-0.20200000000000018
518,2013-10-22,1.774,2.016,-0.242
519,2013-10-23,1.859,2.156,-0.29700000000000015
520,2013-10-24,2.324,3.51,-1.186
521,2013-10-25,3.2319999999999998,5.075,-1.8430000000000004
522,2013-10-26,3.591,4.9910000000000005,-1.4000000000000004
523,2013-10-27,3.971,4.715,-0.7439999999999998
524,2013-10-28,3.908,4.575,-0.6670000000000003
525,2013-10-29,3.697,3.81,-0.11299999999999999
526,2013-10-30,3.633,3.67,-0.03699999999999992
527,2013-10-31,3.443,3.821,-0.3780000000000001
528,2013-01-11,3.1260000000000003,3.486,-0.3599999999999999
529,2013-02-11,2.81,2.9189999999999996,-0.10899999999999954
530,2013-03-11,2.556,2.3819999999999997,0.17400000000000038
531,2013-04-11,2.26,2.246,0.01399999999999979
532,2013-05-11,2.028,2.168,-0.14000000000000012
533,2013-06-11,1.838,2.1109999999999998,-0.2729999999999997
534,2013-07-11,1.69,2.043,-0.3530000000000002
535,2013-08-11,1.584,1.9609999999999999,-0.3769999999999998
536,2013-09-11,1.4580000000000002,1.883,-0.4249999999999998
537,2013-10-11,1.3519999999999999,1.806,-0.4540000000000002
538,2013-11-11,1.2670000000000001,1.7590000000000001,-0.492
539,2013-12-11,1.225,1.797,-0.5719999999999998
540,2013-11-13,1.31,2.016,-0.706
541,2013-11-14,1.5,2.263,-0.7629999999999999
542,2013-11-15,2.239,2.435,-0.19600000000000017
543,2013-11-16,16.9,12.175,4.724999999999998
544,2013-11-17,21.166999999999998,20.025,1.1419999999999995
545,2013-11-18,17.956,17.658,0.29799999999999827
546,2013-11-19,14.09,14.89,-0.8000000000000007
547,2013-11-20,11.005999999999998,12.15,-1.144000000000002
548,2013-11-21,8.471,9.711,-1.2400000000000002
549,2013-11-22,6.654,7.727,-1.0730000000000004
550,2013-11-23,5.872999999999999,7.127999999999999,-1.255
551,2013-11-24,5.3020000000000005,6.922999999999999,-1.6209999999999987
552,2013-11-25,4.795,5.992999999999999,-1.1979999999999995
553,2013-11-26,4.816,5.242999999999999,-0.4269999999999996
554,2013-11-27,15.442,8.055,7.3870000000000005
555,2013-11-28,22.878,14.440999999999999,8.437000000000001
556,2013-11-29,20.195,17.172,3.0229999999999997
557,2013-11-30,16.52,15.171,1.3490000000000002
558,2013-01-12,15.527000000000001,15.749,-0.22199999999999953
559,2013-02-12,14.534,15.789000000000001,-1.2550000000000008
560,2013-03-12,21.864,16.944000000000003,4.919999999999998
561,2013-04-12,21.42,17.57,3.8500000000000014
562,2013-05-12,17.343,14.372,2.971
563,2013-06-12,13.372,11.712,1.6600000000000001
564,2013-07-12,10.689,9.515,1.1739999999999995
565,2013-08-12,8.619,7.914,0.7050000000000001
566,2013-09-12,6.928999999999999,6.452999999999999,0.476
567,2013-10-12,6.8870000000000005,5.445,1.4420000000000002
568,2013-11-12,9.4,5.337000000000001,4.063
569,2013-12-12,20.195,10.03,10.165000000000001
570,2013-12-13,24.146,14.796,9.350000000000001
571,2013-12-14,19.815,13.731,6.084000000000001
572,2013-12-15,15.315,11.488,3.827
573,2013-12-16,11.788,9.736,2.0519999999999996
574,2013-12-17,9.21,9.006,0.20400000000000063
575,2013-12-18,7.732,10.174,-2.4419999999999993
576,2013-12-19,6.252999999999999,9.891,-3.638000000000001
577,2013-12-20,5.26,8.771,-3.511000000000001
578,2013-12-21,4.415,7.813,-3.3979999999999997
579,2013-12-22,3.697,6.4110000000000005,-2.7140000000000004
580,2013-12-23,3.148,5.3,-2.1519999999999997
581,2013-12-24,2.7039999999999997,4.2669999999999995,-1.5629999999999997
582,2013-12-25,2.408,4.732,-2.3240000000000003
583,2013-12-26,2.07,5.584,-3.514
584,2013-12-27,1.817,5.3260000000000005,-3.5090000000000003
585,2013-12-28,1.732,4.78,-3.048
586,2013-12-29,1.817,5.789,-3.9719999999999995
587,2013-12-30,2.915,8.427999999999999,-5.512999999999999
588,2013-12-31,3.295,9.134,-5.839
589,2014-01-01,3.486,8.238999999999999,-4.752999999999998
590,2014-02-01,3.4010000000000002,7.218999999999999,-3.817999999999999
591,2014-03-01,3.2110000000000003,5.877000000000001,-2.6660000000000004
592,2014-04-01,2.9789999999999996,4.789,-1.81
593,2014-05-01,2.6830000000000003,3.888,-1.2049999999999996
594,2014-06-01,2.387,3.1439999999999997,-0.7569999999999997
595,2014-07-01,2.07,2.568,-0.4980000000000002
596,2014-08-01,1.922,2.3569999999999998,-0.43499999999999983
597,2014-09-01,1.774,2.262,-0.488
598,2014-10-01,1.669,2.177,-0.508
599,2014-11-01,1.5419999999999998,2.103,-0.5610000000000004
600,2014-12-01,1.4580000000000002,2.025,-0.5669999999999997
601,2014-01-13,1.331,1.943,-0.6120000000000001
602,2014-01-14,1.204,1.865,-0.661
603,2014-01-15,1.12,1.79,-0.6699999999999999
604,2014-01-16,1.035,1.7180000000000002,-0.6830000000000003
605,2014-01-17,0.951,1.649,-0.6980000000000001
606,2014-01-18,0.887,1.5819999999999999,-0.6949999999999998
607,2014-01-19,0.845,1.518,-0.673
608,2014-01-20,0.76,1.4569999999999999,-0.6969999999999998
609,2014-01-21,0.7390000000000001,1.399,-0.6599999999999999
610,2014-01-22,0.6970000000000001,1.3419999999999999,-0.6449999999999998
611,2014-01-23,0.634,1.288,-0.654
612,2014-01-24,0.613,1.236,-0.623
613,2014-01-25,0.57,1.186,-0.616
614,2014-01-26,0.5489999999999999,1.138,-0.589
615,2014-01-27,0.507,1.092,-0.5850000000000001
616,2014-01-28,0.486,1.048,-0.562
617,2014-01-29,0.486,1.006,-0.52
618,2014-01-30,0.465,0.965,-0.49999999999999994
619,2014-01-31,0.444,0.9259999999999999,-0.48199999999999993
620,2014-01-02,0.42200000000000004,0.889,-0.46699999999999997
621,2014-02-02,0.42200000000000004,0.8540000000000001,-0.43200000000000005
622,2014-03-02,0.42200000000000004,0.8859999999999999,-0.46399999999999986
623,2014-04-02,0.401,0.914,-0.513
624,2014-05-02,0.38,0.8759999999999999,-0.4959999999999999
625,2014-06-02,0.38,0.841,-0.46099999999999997
626,2014-07-02,0.33799999999999997,0.8059999999999999,-0.46799999999999997
627,2014-08-02,0.33799999999999997,0.773,-0.43500000000000005
628,2014-09-02,0.317,0.741,-0.424
629,2014-10-02,0.317,0.7120000000000001,-0.3950000000000001
630,2014-11-02,0.29600000000000004,0.684,-0.388
631,2014-12-02,0.29600000000000004,0.6559999999999999,-0.3599999999999999
632,2014-02-13,0.29600000000000004,0.628,-0.33199999999999996
633,2014-02-14,0.29600000000000004,0.602,-0.30599999999999994
634,2014-02-15,0.275,0.5770000000000001,-0.30200000000000005
635,2014-02-16,0.275,0.5529999999999999,-0.2779999999999999
636,2014-02-17,0.29600000000000004,0.5579999999999999,-0.2619999999999999
637,2014-02-18,0.33799999999999997,0.7190000000000001,-0.3810000000000001
638,2014-02-19,0.359,0.851,-0.492
639,2014-02-20,0.33799999999999997,0.8240000000000001,-0.4860000000000001
640,2014-02-21,0.33799999999999997,0.79,-0.45200000000000007
641,2014-02-22,0.33799999999999997,0.758,-0.42000000000000004
642,2014-02-23,0.33799999999999997,0.772,-0.43400000000000005
643,2014-02-24,0.317,0.846,-0.5289999999999999
644,2014-02-25,0.33799999999999997,0.924,-0.5860000000000001
645,2014-02-26,0.33799999999999997,0.9840000000000001,-0.6460000000000001
646,2014-02-27,0.359,1.005,-0.6459999999999999
647,2014-02-28,0.33799999999999997,0.998,-0.66
648,2014-01-03,0.359,0.992,-0.633
649,2014-02-03,0.359,0.966,-0.607
650,2014-03-03,0.33799999999999997,0.925,-0.5870000000000001
651,2014-04-03,0.33799999999999997,0.885,-0.547
652,2014-05-03,0.33799999999999997,0.847,-0.509
653,2014-06-03,0.359,0.888,-0.529
654,2014-07-03,0.359,0.93,-0.5710000000000001
655,2014-08-03,0.444,1.053,-0.609
656,2014-09-03,0.591,1.295,-0.704
657,2014-10-03,1.035,1.7080000000000002,-0.6730000000000003
658,2014-11-03,2.112,3.431,-1.319
659,2014-12-03,6.042000000000001,6.744,-0.7019999999999991
660,2014-03-13,8.196,7.487,0.7089999999999996
661,2014-03-14,8.597999999999999,7.693,0.9049999999999994
662,2014-03-15,7.795,7.691,0.10400000000000009
663,2014-03-16,6.8870000000000005,6.744,0.14300000000000068
664,2014-03-17,6.105,5.7170000000000005,0.3879999999999999
665,2014-03-18,5.218,4.968,0.25
666,2014-03-19,4.457,4.14,0.31700000000000017
667,2014-03-20,3.781,3.415,0.3660000000000001
668,2014-03-21,3.4010000000000002,3.617,-0.21599999999999975
669,2014-03-22,3.0210000000000004,4.327,-1.3059999999999996
670,2014-03-23,2.662,4.85,-2.1879999999999997
671,2014-03-24,2.4290000000000003,5.0680000000000005,-2.6390000000000002
672,2014-03-25,2.176,4.504,-2.3279999999999994
673,2014-03-26,1.943,4.21,-2.267
674,2014-03-27,1.732,4.465,-2.7329999999999997
675,2014-03-28,1.669,4.235,-2.5660000000000003
676,2014-03-29,1.5419999999999998,4.042,-2.5
677,2014-03-30,1.436,3.702,-2.266
678,2014-03-31,1.436,3.64,-2.204
679,2014-01-04,1.436,3.7680000000000002,-2.3320000000000003
680,2014-02-04,1.3940000000000001,3.2239999999999998,-1.8299999999999996
681,2014-03-04,1.3519999999999999,2.617,-1.2650000000000001
682,2014-04-04,1.2670000000000001,2.364,-1.0969999999999998
683,2014-05-04,1.204,2.269,-1.0650000000000002
684,2014-06-04,1.183,2.1790000000000003,-0.9960000000000002
685,2014-07-04,1.204,2.371,-1.167
686,2014-08-04,1.584,3.576,-1.992
687,2014-09-04,3.148,4.66,-1.512
688,2014-10-04,4.309,4.561,-0.2519999999999998
689,2014-11-04,5.3020000000000005,4.6419999999999995,0.660000000000001
690,2014-12-04,6.8229999999999995,5.784,1.0389999999999997
691,2014-04-13,8.154,6.973,1.181
692,2014-04-14,13.350999999999999,10.314,3.036999999999999
693,2014-04-15,15.696,14.368,1.3279999999999994
694,2014-04-16,13.921,14.515999999999998,-0.5949999999999989
695,2014-04-17,11.999,12.909,-0.9100000000000001
696,2014-04-18,11.238,11.442,-0.20400000000000063
697,2014-04-19,9.95,10.009,-0.05900000000000105
698,2014-04-20,9.865,8.907,0.9580000000000002
699,2014-04-21,10.013,8.359,1.654
700,2014-04-22,9.548,7.984,1.564
701,2014-04-23,8.746,6.811,1.9350000000000005
702,2014-04-24,7.9639999999999995,6.374,1.5899999999999999
703,2014-04-25,7.489,6.57,0.9189999999999996
704,2014-04-26,7.013,6.382000000000001,0.6309999999999993
705,2014-04-27,6.591,6.186,0.40500000000000025
706,2014-04-28,6.084,6.058,0.0259999999999998
707,2014-04-29,5.767,5.869,-0.10199999999999942
708,2014-04-30,5.26,5.33,-0.07000000000000028
709,2014-01-05,4.669,4.801,-0.13200000000000056
710,2014-02-05,4.183,5.085,-0.9020000000000001
711,2014-03-05,4.098,6.532,-2.434
712,2014-04-05,3.971,7.5120000000000005,-3.5410000000000004
713,2014-05-05,3.781,6.711,-2.93
714,2014-06-05,3.781,5.495,-1.714
715,2014-07-05,3.9930000000000003,4.746,-0.7530000000000001
716,2014-08-05,4.098,4.172,-0.07399999999999984
717,2014-09-05,4.056,3.645,0.41100000000000003
718,2014-10-05,3.866,3.301,0.565
719,2014-11-05,3.824,2.985,0.839
720,2014-12-05,3.612,2.6260000000000003,0.9859999999999998
721,2014-05-13,3.464,2.33,1.134
722,2014-05-14,3.0839999999999996,2.215,0.8689999999999998
723,2014-05-15,2.9360000000000004,2.115,0.8210000000000002
724,2014-05-16,5.091,2.9989999999999997,2.0920000000000005
725,2014-05-17,6.167999999999999,4.548,1.6199999999999992
726,2014-05-18,5.787999999999999,4.154,1.6339999999999995
727,2014-05-19,5.176,3.5189999999999997,1.6570000000000005
728,2014-05-20,4.563,3.28,1.283
729,2014-05-21,3.824,2.945,0.879
730,2014-05-22,3.2739999999999996,2.3680000000000003,0.9059999999999993
731,2014-05-23,2.852,2.206,0.6459999999999999
732,2014-05-24,2.5140000000000002,2.141,0.3730000000000002
733,2014-05-25,2.281,2.351,-0.06999999999999984
734,2014-05-26,2.112,2.516,-0.4039999999999999
735,2014-05-27,1.838,2.214,-0.3759999999999999
736,2014-05-28,1.69,2.068,-0.3780000000000001
737,2014-05-29,1.5419999999999998,1.97,-0.42800000000000016
738,2014-05-30,1.3519999999999999,1.876,-0.524
739,2014-05-31,1.204,1.785,-0.581
740,2014-01-06,1.0979999999999999,1.6969999999999998,-0.599
741,2014-02-06,1.056,1.614,-0.558
742,2014-03-06,0.951,1.5330000000000001,-0.5820000000000002
743,2014-04-06,0.887,1.455,-0.5680000000000001
744,2014-05-06,0.8240000000000001,1.385,-0.5609999999999999
745,2014-06-06,0.782,1.379,-0.597
746,2014-07-06,0.7390000000000001,1.371,-0.6319999999999999
747,2014-08-06,0.6970000000000001,1.3019999999999998,-0.6049999999999998
748,2014-09-06,0.655,1.319,-0.6639999999999999
749,2014-10-06,0.655,1.375,-0.72
750,2014-11-06,0.634,1.344,-0.7100000000000001
751,2014-12-06,0.655,1.396,-0.7409999999999999
752,2014-06-13,0.613,1.495,-0.8820000000000001
753,2014-06-14,0.613,1.4680000000000002,-0.8550000000000002
754,2014-06-15,0.57,1.392,-0.822
755,2014-06-16,0.5489999999999999,1.35,-0.8010000000000002
756,2014-06-17,0.5489999999999999,1.325,-0.776
757,2014-06-18,0.528,1.331,-0.8029999999999999
758,2014-06-19,0.6970000000000001,1.454,-0.7569999999999999
759,2014-06-20,0.866,1.5530000000000002,-0.6870000000000002
760,2014-06-21,1.035,1.546,-0.5110000000000001
761,2014-06-22,1.69,1.74,-0.050000000000000044
762,2014-06-23,1.859,1.903,-0.04400000000000004
763,2014-06-24,1.88,1.838,0.041999999999999815
764,2014-06-25,1.817,1.767,0.050000000000000044
765,2014-06-26,1.732,1.7069999999999999,0.025000000000000133
766,2014-06-27,1.584,1.662,-0.07799999999999985
767,2014-06-28,1.4580000000000002,1.598,-0.1399999999999999
768,2014-06-29,1.331,1.521,-0.18999999999999995
769,2014-06-30,1.246,1.4609999999999999,-0.21499999999999986
770,2014-01-07,1.141,1.402,-0.2609999999999999
771,2014-02-07,1.056,1.349,-0.2929999999999999
772,2014-03-07,0.951,1.3459999999999999,-0.3949999999999999
773,2014-04-07,0.9079999999999999,1.3969999999999998,-0.4889999999999999
774,2014-05-07,0.866,1.3969999999999998,-0.5309999999999998
775,2014-06-07,0.8029999999999999,1.327,-0.524
776,2014-07-07,0.782,1.261,-0.47899999999999987
777,2014-08-07,0.76,1.249,-0.4890000000000001
778,2014-09-07,0.782,1.236,-0.45399999999999996
779,2014-10-07,0.718,1.172,-0.45399999999999996
780,2014-11-07,0.6759999999999999,1.126,-0.44999999999999996
781,2014-12-07,0.613,1.082,-0.4690000000000001
782,2014-07-13,0.5489999999999999,1.024,-0.4750000000000001
783,2014-07-14,0.507,0.9690000000000001,-0.4620000000000001
784,2014-07-15,0.465,0.9159999999999999,-0.4509999999999999
785,2014-07-16,0.444,0.898,-0.454
786,2014-07-17,0.465,0.884,-0.419
787,2014-07-18,0.507,0.873,-0.366
788,2014-07-19,0.507,0.863,-0.356
789,2014-07-20,0.528,0.8190000000000001,-0.29100000000000004
790,2014-07-21,0.486,0.777,-0.29100000000000004
791,2014-07-22,0.465,0.736,-0.27099999999999996
792,2014-07-23,0.444,0.6970000000000001,-0.25300000000000006
793,2014-07-24,0.401,0.66,-0.259
794,2014-07-25,0.38,0.625,-0.245
795,2014-07-26,0.33799999999999997,0.591,-0.253
796,2014-07-27,0.33799999999999997,0.5579999999999999,-0.21999999999999997
797,2014-07-28,0.29600000000000004,0.527,-0.23099999999999998
798,2014-07-29,0.317,0.498,-0.181
799,2014-07-30,0.29600000000000004,0.501,-0.20499999999999996
800,2014-07-31,0.317,0.537,-0.22000000000000003
801,2014-01-08,0.29600000000000004,0.557,-0.261
802,2014-02-08,0.29600000000000004,0.5589999999999999,-0.2629999999999999
803,2014-03-08,0.29600000000000004,0.545,-0.249
804,2014-04-08,0.275,0.52,-0.245
805,2014-05-08,0.29600000000000004,0.54,-0.244
806,2014-06-08,0.29600000000000004,0.583,-0.2869999999999999
807,2014-07-08,0.317,0.601,-0.284
808,2014-08-08,0.317,0.59,-0.27299999999999996
809,2014-09-08,0.317,0.56,-0.24300000000000005
810,2014-10-08,0.29600000000000004,0.537,-0.241
811,2014-11-08,0.29600000000000004,0.515,-0.21899999999999997
812,2014-12-08,0.275,0.491,-0.21599999999999997
813,2014-08-13,0.275,0.469,-0.19399999999999995
814,2014-08-14,0.275,0.47100000000000003,-0.196
815,2014-08-15,0.275,0.505,-0.22999999999999998
816,2014-08-16,0.253,0.513,-0.26
817,2014-08-17,0.253,0.489,-0.236
818,2014-08-18,0.275,0.515,-0.24
819,2014-08-19,0.29600000000000004,0.614,-0.31799999999999995
820,2014-08-20,0.317,0.66,-0.343
821,2014-08-21,0.38,0.742,-0.362
822,2014-08-22,0.401,0.848,-0.44699999999999995
823,2014-08-23,0.401,0.8440000000000001,-0.44300000000000006
824,2014-08-24,0.42200000000000004,0.83,-0.4079999999999999
825,2014-08-25,0.42200000000000004,0.8190000000000001,-0.397
826,2014-08-26,0.42200000000000004,0.899,-0.477
827,2014-08-27,0.38,0.98,-0.6
828,2014-08-28,0.42200000000000004,0.972,-0.5499999999999999
829,2014-08-29,0.42200000000000004,0.9520000000000001,-0.53
830,2014-08-30,0.42200000000000004,0.9109999999999999,-0.4889999999999999
831,2014-08-31,0.359,0.867,-0.508
832,2014-01-09,0.359,0.826,-0.46699999999999997
833,2014-02-09,0.359,0.8079999999999999,-0.44899999999999995
834,2014-03-09,0.38,0.821,-0.44099999999999995
835,2014-04-09,0.38,0.8320000000000001,-0.45200000000000007
836,2014-05-09,0.38,0.8140000000000001,-0.43400000000000005
837,2014-06-09,0.359,0.775,-0.41600000000000004
838,2014-07-09,0.359,0.738,-0.379
839,2014-08-09,0.359,0.703,-0.344
840,2014-09-09,0.33799999999999997,0.679,-0.3410000000000001
841,2014-10-09,0.33799999999999997,0.6809999999999999,-0.34299999999999997
842,2014-11-09,0.359,0.6709999999999999,-0.31199999999999994
843,2014-12-09,0.33799999999999997,0.68,-0.3420000000000001
844,2014-09-13,0.33799999999999997,0.6890000000000001,-0.3510000000000001
845,2014-09-14,0.33799999999999997,0.6559999999999999,-0.31799999999999995
846,2014-09-15,0.359,0.624,-0.265
847,2014-09-16,0.33799999999999997,0.593,-0.255
848,2014-09-17,0.33799999999999997,0.563,-0.22499999999999998
849,2014-09-18,0.317,0.535,-0.21800000000000003
850,2014-09-19,0.317,0.507,-0.19
851,2014-09-20,0.317,0.48100000000000004,-0.16400000000000003
852,2014-09-21,0.33799999999999997,0.513,-0.17500000000000004
853,2014-09-22,0.33799999999999997,0.573,-0.235
854,2014-09-23,0.317,0.594,-0.27699999999999997
855,2014-09-24,0.359,0.652,-0.29300000000000004
856,2014-09-25,0.5489999999999999,0.84,-0.29100000000000004
857,2014-09-26,0.8240000000000001,1.0170000000000001,-0.19300000000000006
858,2014-09-27,1.3519999999999999,1.641,-0.28900000000000015
859,2014-09-28,2.26,5.7860000000000005,-3.5260000000000007
860,2014-09-29,3.2110000000000003,10.367,-7.156000000000001
861,2014-09-30,4.14,10.552,-6.412
862,2014-01-10,5.091,8.874,-3.7830000000000004
863,2014-02-10,6.021,7.532,-1.5110000000000001
864,2014-03-10,6.718,6.4270000000000005,0.2909999999999995
865,2014-04-10,5.64,5.093999999999999,0.5460000000000003
866,2014-05-10,4.669,4.033,0.6359999999999992
867,2014-06-10,3.802,3.187,0.6150000000000002
868,2014-07-10,2.9789999999999996,2.519,0.4599999999999995
869,2014-08-10,2.45,2.25,0.20000000000000018
870,2014-09-10,2.07,2.169,-0.0990000000000002
871,2014-10-10,2.028,2.8960000000000004,-0.8680000000000003
872,2014-11-10,1.88,4.085,-2.205
873,2014-12-10,1.7530000000000001,3.705,-1.952
874,2014-10-13,1.732,3.3539999999999996,-1.6219999999999997
875,2014-10-14,1.732,3.2569999999999997,-1.5249999999999997
876,2014-10-15,1.6269999999999998,2.841,-1.2140000000000004
877,2014-10-16,1.5,2.334,-0.8340000000000001
878,2014-10-17,1.415,2.21,-0.7949999999999999
879,2014-10-18,1.2890000000000001,2.117,-0.8279999999999998
880,2014-10-19,1.31,2.158,-0.8479999999999999
881,2014-10-20,1.331,2.226,-0.895
882,2014-10-21,1.436,2.262,-0.8260000000000001
883,2014-10-22,1.521,2.298,-0.7770000000000001
884,2014-10-23,1.817,2.602,-0.7849999999999999
885,2014-10-24,2.303,3.428,-1.125
886,2014-10-25,2.472,4.01,-1.5379999999999998
887,2014-10-26,2.5140000000000002,3.7689999999999997,-1.2549999999999994
888,2014-10-27,3.781,5.837000000000001,-2.0560000000000005
889,2014-10-28,4.753,8.107999999999999,-3.3549999999999986
890,2014-10-29,6.021,8.594,-2.5729999999999995
891,2014-10-30,9.506,11.328,-1.8219999999999992
892,2014-10-31,11.872,13.605,-1.7330000000000005
893,2014-01-11,11.048,12.425,-1.3770000000000007
894,2014-02-11,9.865,10.895,-1.0299999999999994
895,2014-03-11,8.619,9.812999999999999,-1.193999999999999
896,2014-04-11,7.52,8.475,-0.9550000000000001
897,2014-05-11,6.401,7.103,-0.702
898,2014-06-11,5.3870000000000005,5.642,-0.2549999999999999
899,2014-07-11,4.542,4.478,0.06400000000000006
900,2014-08-11,3.739,3.551,0.18799999999999972
901,2014-09-11,3.1689999999999996,2.812,0.35699999999999976
902,2014-10-11,2.7460000000000004,2.447,0.2990000000000004
903,2014-11-11,2.408,2.32,0.08800000000000008
904,2014-12-11,2.112,2.27,-0.15799999999999992
905,2014-11-13,1.922,2.221,-0.29900000000000015
906,2014-11-14,1.774,2.13,-0.35599999999999987
907,2014-11-15,1.669,2.042,-0.3729999999999998
908,2014-11-16,1.4580000000000002,1.9580000000000002,-0.5
909,2014-11-17,1.331,1.8769999999999998,-0.5459999999999998
910,2014-11-18,1.204,1.7990000000000002,-0.5950000000000002
911,2014-11-19,1.0979999999999999,1.725,-0.6270000000000002
912,2014-11-20,1.035,1.653,-0.6180000000000001
913,2014-11-21,0.951,1.584,-0.6330000000000001
914,2014-11-22,0.929,1.518,-0.589
915,2014-11-23,0.845,1.454,-0.609
916,2014-11-24,0.887,1.495,-0.6080000000000001
917,2014-11-25,0.993,1.673,-0.68
918,2014-11-26,1.2670000000000001,1.8980000000000001,-0.631
919,2014-11-27,1.2890000000000001,1.974,-0.6849999999999998
920,2014-11-28,1.246,1.892,-0.6459999999999999
921,2014-11-29,1.12,1.814,-0.694
922,2014-11-30,1.141,1.739,-0.5980000000000001
923,2014-01-12,1.0979999999999999,1.6869999999999998,-0.589
924,2014-02-12,1.035,1.6380000000000001,-0.6030000000000002
925,2014-03-12,2.556,1.746,0.81
926,2014-04-12,12.337,6.178999999999999,6.158
927,2014-05-12,13.224,10.720999999999998,2.503000000000002
928,2014-06-12,11.407,9.75,1.657
929,2014-07-12,9.422,9.208,0.2140000000000004
930,2014-08-12,7.647,7.742000000000001,-0.09500000000000064
931,2014-09-12,6.422000000000001,6.622999999999999,-0.20099999999999874
932,2014-10-12,5.345,6.492999999999999,-1.1479999999999997
933,2014-11-12,4.457,5.914,-1.4569999999999999
934,2014-12-12,3.781,4.704,-0.9229999999999996
935,2014-12-13,3.2319999999999998,3.74,-0.5080000000000005
936,2014-12-14,2.767,3.0380000000000003,-0.27100000000000035
937,2014-12-15,2.345,2.521,-0.1759999999999997
938,2014-12-16,2.07,2.332,-0.262
939,2014-12-17,1.796,2.242,-0.44599999999999995
940,2014-12-18,1.6480000000000001,2.155,-0.5069999999999997
941,2014-12-19,1.521,2.0709999999999997,-0.5499999999999998
942,2014-12-20,1.479,2.003,-0.524
943,2014-12-21,1.415,1.97,-0.5549999999999999
944,2014-12-22,1.3730000000000002,1.932,-0.5589999999999997
945,2014-12-23,1.3730000000000002,1.879,-0.5059999999999998
946,2014-12-24,1.331,1.8219999999999998,-0.4909999999999999
947,2014-12-25,1.246,1.7519999999999998,-0.5059999999999998
948,2014-12-26,1.331,1.725,-0.39400000000000013
949,2014-12-27,1.331,1.725,-0.39400000000000013
950,2014-12-28,1.31,1.681,-0.371
951,2014-12-29,1.3519999999999999,1.673,-0.3210000000000002
952,2014-12-30,2.6189999999999998,2.574,0.04499999999999993
953,2014-12-31,16.329,9.771,6.558
954,2015-01-01,24.779,14.767999999999999,10.011000000000001
955,2015-02-01,22.244,14.504000000000001,7.739999999999998
956,2015-03-01,18.083,13.769,4.313999999999998
957,2015-04-01,14.300999999999998,12.222999999999999,2.0779999999999994
958,2015-05-01,11.238,10.062999999999999,1.1750000000000007
959,2015-06-01,8.767000000000001,8.137,0.6300000000000008
960,2015-07-01,7.14,7.026,0.11399999999999988
961,2015-08-01,5.915,6.755,-0.8399999999999999
962,2015-09-01,4.88,5.997999999999999,-1.1179999999999994
963,2015-10-01,4.162,4.785,-0.6230000000000002
964,2015-11-01,3.486,3.81,-0.32399999999999984
965,2015-12-01,3.0,3.033,-0.03299999999999992
966,2015-01-13,2.6189999999999998,2.551,0.06799999999999962
967,2015-01-14,2.281,2.38,-0.09899999999999975
968,2015-01-15,1.986,2.2840000000000003,-0.29800000000000026
969,2015-01-16,1.796,2.195,-0.3989999999999998
970,2015-01-17,1.6269999999999998,2.109,-0.4820000000000002
971,2015-01-18,1.5630000000000002,2.085,-0.5219999999999998
972,2015-01-19,1.4580000000000002,2.064,-0.6059999999999999
973,2015-01-20,1.3730000000000002,1.9869999999999999,-0.6139999999999997
974,2015-01-21,1.246,1.909,-0.663
975,2015-01-22,1.204,1.8319999999999999,-0.6279999999999999
976,2015-01-23,1.141,1.758,-0.617
977,2015-01-24,1.077,1.69,-0.613
978,2015-01-25,0.993,1.63,-0.6369999999999999
979,2015-01-26,0.972,1.574,-0.6020000000000001
980,2015-01-27,0.993,1.575,-0.582
981,2015-01-28,1.204,2.296,-1.0919999999999999
982,2015-01-29,1.605,4.059,-2.454
983,2015-01-30,1.732,3.818,-2.0860000000000003
984,2015-01-31,1.7109999999999999,3.051,-1.3400000000000003
985,2015-01-02,1.669,2.492,-0.823
986,2015-02-02,1.605,2.346,-0.7410000000000001
987,2015-03-02,1.521,2.256,-0.7349999999999999
988,2015-04-02,1.436,2.168,-0.7320000000000002
989,2015-05-02,1.3730000000000002,2.084,-0.7109999999999999
990,2015-06-02,2.0069999999999997,2.364,-0.3570000000000002
991,2015-07-02,5.218,4.635,0.5830000000000002
992,2015-08-02,7.436,5.556,1.88
993,2015-09-02,22.666999999999998,9.597000000000001,13.069999999999997
994,2015-10-02,43.073,17.489,25.584
995,2015-11-02,45.777,21.214000000000002,24.563
996,2015-12-02,37.412,21.465999999999998,15.946000000000002
997,2015-02-13,27.293000000000003,19.194000000000003,8.099
998,2015-02-14,19.857,15.350999999999999,4.506
999,2015-02-15,14.534,12.279000000000002,2.254999999999999
1000,2015-02-16,10.71,9.785,0.9250000000000007
1001,2015-02-17,8.175,7.797000000000001,0.3780000000000001
1002,2015-02-18,6.612,6.489,0.12300000000000022
1003,2015-02-19,7.816,8.117,-0.30100000000000104
1004,2015-02-20,9.02,9.517999999999999,-0.49799999999999933
1005,2015-02-21,8.006,8.099,-0.09299999999999997
1006,2015-02-22,6.9079999999999995,6.898,0.009999999999999787
1007,2015-02-23,5.746,5.926,-0.17999999999999972
1008,2015-02-24,4.795,4.7780000000000005,0.01699999999999946
1009,2015-02-25,4.013999999999999,3.9210000000000003,0.09299999999999908
1010,2015-02-26,3.443,3.495,-0.052000000000000046
1011,2015-02-27,3.0210000000000004,4.303999999999999,-1.282999999999999
1012,2015-02-28,2.4930000000000003,4.792,-2.2989999999999995
1013,2015-01-03,2.155,4.149,-1.9940000000000002
1014,2015-02-03,1.88,3.577,-1.697
1015,2015-03-03,1.732,3.0439999999999996,-1.3119999999999996
1016,2015-04-03,1.6269999999999998,2.523,-0.8960000000000004
1017,2015-05-03,1.5419999999999998,2.379,-0.8370000000000002
1018,2015-06-03,1.69,3.8369999999999997,-2.147
1019,2015-07-03,1.838,5.037,-3.199
1020,2015-08-03,2.408,6.421,-4.013
1021,2015-09-03,3.042,8.713,-5.670999999999999
1022,2015-10-03,3.1689999999999996,8.575,-5.406
1023,2015-11-03,3.1689999999999996,7.9239999999999995,-4.755
1024,2015-12-03,3.0210000000000004,7.114,-4.093
1025,2015-03-13,2.8310000000000004,5.9,-3.069
1026,2015-03-14,2.5980000000000003,4.8919999999999995,-2.293999999999999
1027,2015-03-15,2.366,3.8939999999999997,-1.5279999999999996
1028,2015-03-16,2.197,3.0980000000000003,-0.9010000000000002
1029,2015-03-17,2.028,2.608,-0.5800000000000001
1030,2015-03-18,1.901,2.3930000000000002,-0.4920000000000002
1031,2015-03-19,1.965,2.553,-0.5879999999999999
1032,2015-03-20,2.45,3.0189999999999997,-0.5689999999999995
1033,2015-03-21,2.387,2.807,-0.41999999999999993
1034,2015-03-22,2.4290000000000003,2.4219999999999997,0.007000000000000561
1035,2015-03-23,4.035,5.191,-1.1559999999999997
1036,2015-03-24,8.006,9.238999999999999,-1.2329999999999988
1037,2015-03-25,8.365,9.301,-0.9359999999999999
1038,2015-03-26,7.752999999999999,7.405,0.347999999999999
1039,2015-03-27,6.4639999999999995,5.894,0.5699999999999994
1040,2015-03-28,5.683,4.689,0.9939999999999998
1041,2015-03-29,4.795,3.7510000000000003,1.0439999999999996
1042,2015-03-30,4.162,3.1489999999999996,1.0130000000000003
1043,2015-03-31,3.781,2.642,1.1390000000000002
1044,2015-01-04,3.3169999999999997,2.35,0.9669999999999996
1045,2015-02-04,3.0210000000000004,2.391,0.6300000000000003
1046,2015-03-04,2.852,2.773,0.07899999999999974
1047,2015-04-04,2.725,2.645,0.08000000000000007
1048,2015-05-04,2.408,2.355,0.052999999999999936
1049,2015-06-04,2.26,2.435,-0.17500000000000027
1050,2015-07-04,2.852,4.136,-1.2840000000000003
1051,2015-08-04,9.738,6.147,3.5909999999999993
1052,2015-09-04,10.71,6.291,4.4190000000000005
1053,2015-10-04,11.935,6.35,5.585000000000001
1054,2015-11-04,13.52,7.16,6.359999999999999
1055,2015-12-04,13.013,8.28,4.7330000000000005
1056,2015-04-13,12.02,8.508,3.5120000000000005
1057,2015-04-14,10.414000000000001,7.221,3.1930000000000014
1058,2015-04-15,10.224,7.375,2.849
1059,2015-04-16,11.597000000000001,9.699,1.8980000000000015
1060,2015-04-17,12.569,12.069,0.5
1061,2015-04-18,12.379000000000001,11.737,0.6420000000000012
1062,2015-04-19,12.147,10.04,2.107000000000001
1063,2015-04-20,11.492,8.597000000000001,2.8949999999999996
1064,2015-04-21,10.668,6.922999999999999,3.745
1065,2015-04-22,10.161,5.92,4.241
1066,2015-04-23,13.71,9.709,4.001000000000001
1067,2015-04-24,13.224,12.284,0.9399999999999995
1068,2015-04-25,11.619000000000002,10.241,1.378000000000002
1069,2015-04-26,11.175,10.238999999999999,0.9360000000000017
1070,2015-04-27,10.837,9.908,0.9290000000000003
1071,2015-04-28,9.548,7.893,1.6550000000000002
1072,2015-04-29,8.07,6.278,1.7920000000000007
1073,2015-04-30,6.928999999999999,5.263999999999999,1.665
1074,2015-01-05,6.105,4.766,1.3390000000000004
1075,2015-02-05,5.239,4.0889999999999995,1.1500000000000004
1076,2015-03-05,4.732,3.6889999999999996,1.0430000000000006
1077,2015-04-05,4.373,3.622,0.7510000000000003
1078,2015-05-05,4.098,4.0169999999999995,0.0810000000000004
1079,2015-06-05,4.605,5.955,-1.3499999999999996
1080,2015-07-05,5.4079999999999995,8.629,-3.221
1081,2015-08-05,5.45,10.318,-4.867999999999999
1082,2015-09-05,5.197,10.52,-5.3229999999999995
1083,2015-10-05,4.795,9.312999999999999,-4.517999999999999
1084,2015-11-05,4.204,8.042,-3.838
1085,2015-12-05,3.824,8.051,-4.227
1086,2015-05-13,4.14,8.287,-4.147000000000001
1087,2015-05-14,4.14,8.01,-3.87
1088,2015-05-15,4.183,7.282,-3.099
1089,2015-05-16,3.95,6.176,-2.226
1090,2015-05-17,3.528,5.352,-1.8240000000000003
1091,2015-05-18,3.19,4.9910000000000005,-1.8010000000000006
1092,2015-05-19,2.852,4.603,-1.751
1093,2015-05-20,2.535,4.091,-1.556
1094,2015-05-21,2.4930000000000003,4.021,-1.5279999999999996
1095,2015-05-22,2.387,4.092,-1.7049999999999996
1096,2015-05-23,2.725,4.868,-2.1430000000000002
1097,2015-05-24,3.676,6.362,-2.686
1098,2015-05-25,4.013999999999999,6.655,-2.641000000000001
1099,2015-05-26,3.929,5.885,-1.956
1100,2015-05-27,3.718,5.093,-1.375
1101,2015-05-28,3.4219999999999997,4.236000000000001,-0.814000000000001
1102,2015-05-29,3.1689999999999996,3.693,-0.5240000000000005
1103,2015-05-30,2.915,3.326,-0.41100000000000003
1104,2015-05-31,2.8939999999999997,3.63,-0.7360000000000002
1105,2015-01-06,3.105,4.151,-1.0459999999999998
1106,2015-02-06,4.225,5.343999999999999,-1.1189999999999998
1107,2015-03-06,4.584,5.837000000000001,-1.253000000000001
1108,2015-04-06,7.563,7.307,0.25599999999999934
1109,2015-05-06,11.196,10.033999999999999,1.1620000000000008
1110,2015-06-06,11.788,9.958,1.83
1111,2015-07-06,12.379000000000001,10.49,1.8890000000000011
1112,2015-08-06,10.815999999999999,10.62,0.19599999999999973
1113,2015-09-06,9.041,8.626,0.4150000000000009
1114,2015-10-06,8.767000000000001,8.275,0.4920000000000009
1115,2015-11-06,9.4,8.142000000000001,1.2579999999999991
1116,2015-12-06,11.280999999999999,8.82,2.4609999999999985
1117,2015-06-13,11.492,9.395,2.0970000000000013
1118,2015-06-14,10.055,7.877999999999999,2.1770000000000005
1119,2015-06-15,9.422,7.229,2.1930000000000005
1120,2015-06-16,10.879000000000001,8.715,2.1640000000000015
1121,2015-06-17,10.436,9.286,1.1500000000000004
1122,2015-06-18,8.999,7.8260000000000005,1.173
1123,2015-06-19,7.626,6.2170000000000005,1.4089999999999998
1124,2015-06-20,6.359,4.902,1.4569999999999999
1125,2015-06-21,5.3020000000000005,3.844,1.4580000000000006
1126,2015-06-22,4.331,2.992,1.3390000000000004
1127,2015-06-23,3.57,2.318,1.2519999999999998
1128,2015-06-24,3.0,2.0380000000000003,0.9619999999999997
1129,2015-06-25,2.472,2.4730000000000003,-0.001000000000000334
1130,2015-06-26,2.303,3.5410000000000004,-1.2380000000000004
1131,2015-06-27,1.986,3.3930000000000002,-1.4070000000000003
1132,2015-06-28,1.774,2.6489999999999996,-0.8749999999999996
1133,2015-06-29,1.669,2.2680000000000002,-0.5990000000000002
1134,2015-06-30,1.5419999999999998,2.343,-0.8010000000000002
1135,2015-01-07,1.5,2.2359999999999998,-0.7359999999999998
1136,2015-02-07,1.605,2.449,-0.8439999999999999
1137,2015-03-07,1.479,2.511,-1.032
1138,2015-04-07,1.331,2.496,-1.165
1139,2015-05-07,1.331,2.445,-1.1139999999999999
1140,2015-06-07,1.225,2.06,-0.835
1141,2015-07-07,1.2890000000000001,2.522,-1.2329999999999997
1142,2015-08-07,1.331,2.992,-1.661
1143,2015-09-07,1.2890000000000001,2.52,-1.2309999999999999
1144,2015-10-07,1.2890000000000001,2.36,-1.0709999999999997
1145,2015-11-07,1.31,2.171,-0.8609999999999998
1146,2015-12-07,1.2890000000000001,2.013,-0.7239999999999998
1147,2015-07-13,1.183,1.9180000000000001,-0.7350000000000001
1148,2015-07-14,1.12,1.828,-0.708
1149,2015-07-15,1.035,1.742,-0.7070000000000001
1150,2015-07-16,0.993,1.715,-0.7220000000000001
1151,2015-07-17,0.972,1.74,-0.768
1152,2015-07-18,0.951,1.7280000000000002,-0.7770000000000002
1153,2015-07-19,0.951,1.682,-0.731
1154,2015-07-20,0.9079999999999999,1.618,-0.7100000000000002
1155,2015-07-21,0.845,1.545,-0.7
1156,2015-07-22,0.845,1.473,-0.6280000000000001
1157,2015-07-23,0.8029999999999999,1.44,-0.637
1158,2015-07-24,0.8029999999999999,1.432,-0.629
1159,2015-07-25,0.782,1.416,-0.6339999999999999
1160,2015-07-26,0.782,1.386,-0.6039999999999999
1161,2015-07-27,0.887,1.4340000000000002,-0.5470000000000002
1162,2015-07-28,0.972,1.476,-0.504
1163,2015-07-29,0.951,1.415,-0.4640000000000001
1164,2015-07-30,0.887,1.35,-0.4630000000000001
1165,2015-07-31,0.866,1.324,-0.4580000000000001
1166,2015-01-08,0.866,1.33,-0.4640000000000001
1167,2015-02-08,0.8240000000000001,1.298,-0.474
1168,2015-03-08,0.782,1.2409999999999999,-0.45899999999999985
1169,2015-04-08,0.7390000000000001,1.187,-0.44799999999999995
1170,2015-05-08,0.845,1.198,-0.353
1171,2015-06-08,1.7109999999999999,1.485,0.22599999999999976
1172,2015-07-08,1.838,1.692,0.14600000000000013
1173,2015-08-08,1.817,1.659,0.15799999999999992
1174,2015-09-08,1.7530000000000001,1.649,0.10400000000000009
1175,2015-10-08,1.7109999999999999,1.599,0.11199999999999988
1176,2015-11-08,1.5419999999999998,1.528,0.01399999999999979
1177,2015-12-08,1.521,1.591,-0.07000000000000006
1178,2015-08-13,1.605,1.715,-0.1100000000000001
1179,2015-08-14,1.584,1.704,-0.11999999999999988
1180,2015-08-15,1.479,1.63,-0.1509999999999998
1181,2015-08-16,1.415,1.5590000000000002,-0.14400000000000013
1182,2015-08-17,1.2670000000000001,1.4909999999999999,-0.22399999999999975
1183,2015-08-18,1.162,1.4269999999999998,-0.2649999999999999
1184,2015-08-19,1.0979999999999999,1.365,-0.2670000000000001
1185,2015-08-20,1.035,1.306,-0.27100000000000013
1186,2015-08-21,0.951,1.249,-0.29800000000000015
1187,2015-08-22,0.9079999999999999,1.195,-0.28700000000000014
1188,2015-08-23,0.8240000000000001,1.143,-0.31899999999999995
1189,2015-08-24,0.782,1.093,-0.31099999999999994
1190,2015-08-25,0.718,1.046,-0.32800000000000007
1191,2015-08-26,0.6970000000000001,1.0070000000000001,-0.31000000000000005
1192,2015-08-27,0.718,0.973,-0.255
1193,2015-08-28,1.246,1.4780000000000002,-0.2320000000000002
1194,2015-08-29,2.662,2.555,0.10699999999999976
1195,2015-08-30,3.57,3.509,0.06099999999999994
1196,2015-08-31,3.718,3.282,0.43599999999999994
1197,2015-01-09,3.612,2.863,0.7490000000000001
1198,2015-02-09,3.295,2.319,0.976
1199,2015-03-09,2.852,2.178,0.6739999999999999
1200,2015-04-09,2.4930000000000003,2.084,0.40900000000000025
1201,2015-05-09,2.767,2.051,0.7159999999999997
1202,2015-06-09,2.049,2.07,-0.020999999999999908
1203,2015-07-09,1.817,2.093,-0.276
1204,2015-08-09,1.7530000000000001,2.103,-0.3500000000000001
1205,2015-09-09,1.732,2.0780000000000003,-0.3460000000000003
1206,2015-10-09,1.605,2.0140000000000002,-0.40900000000000025
1207,2015-11-09,1.5,1.9280000000000002,-0.42800000000000016
1208,2015-12-09,1.3730000000000002,1.845,-0.47199999999999975
1209,2015-09-13,1.2670000000000001,1.766,-0.4989999999999999
1210,2015-09-14,1.204,1.689,-0.4850000000000001
1211,2015-09-15,1.077,1.6159999999999999,-0.5389999999999999
1212,2015-09-16,1.014,1.546,-0.532
1213,2015-09-17,0.951,1.479,-0.5280000000000001
1214,2015-09-18,0.951,1.463,-0.5120000000000001
1215,2015-09-19,1.605,1.83,-0.2250000000000001
1216,2015-09-20,2.7880000000000003,2.634,0.15400000000000036
1217,2015-09-21,3.359,3.216,0.1429999999999998
1218,2015-09-22,3.38,2.71,0.6699999999999999
1219,2015-09-23,3.38,2.3169999999999997,1.0630000000000002
1220,2015-09-24,2.852,2.2430000000000003,0.6089999999999995
1221,2015-09-25,2.8939999999999997,2.9330000000000003,-0.03900000000000059
1222,2015-09-26,3.443,4.348,-0.9049999999999998
1223,2015-09-27,5.112,5.879,-0.7669999999999995
1224,2015-09-28,5.577000000000001,6.516,-0.9389999999999992
1225,2015-09-29,5.345,5.459,-0.11399999999999988
1226,2015-09-30,5.64,5.046,0.5939999999999994
1227,2015-01-10,14.618,7.874,6.744000000000001
1228,2015-02-10,33.166,17.599,15.566999999999997
1229,2015-03-10,33.525,24.241999999999997,9.283000000000001
1230,2015-04-10,26.659000000000002,22.354,4.305000000000003
1231,2015-05-10,20.428,18.497,1.931000000000001
1232,2015-06-10,15.379000000000001,14.716,0.663000000000002
1233,2015-07-10,11.619000000000002,11.702,-0.08299999999999841
1234,2015-08-10,8.892999999999999,9.301,-0.40800000000000125
1235,2015-09-10,6.95,7.492999999999999,-0.5429999999999993
1236,2015-10-10,5.598,6.234,-0.6360000000000001
1237,2015-11-10,4.563,5.119,-0.556
1238,2015-12-10,3.76,4.055,-0.29499999999999993
1239,2015-10-13,3.148,3.208,-0.06000000000000005
1240,2015-10-14,2.641,2.7939999999999996,-0.15299999999999958
1241,2015-10-15,2.239,2.4659999999999997,-0.22699999999999987
1242,2015-10-16,2.028,2.31,-0.28200000000000003
1243,2015-10-17,1.922,2.296,-0.3739999999999999
1244,2015-10-18,1.859,2.273,-0.41400000000000015
1245,2015-10-19,1.774,2.256,-0.48199999999999976
1246,2015-10-20,1.669,2.21,-0.5409999999999999
1247,2015-10-21,1.6269999999999998,2.145,-0.5180000000000002
1248,2015-10-22,1.965,2.428,-0.46299999999999986
1249,2015-10-23,2.641,3.7039999999999997,-1.0629999999999997
1250,2015-10-24,3.0,4.181,-1.181
1251,2015-10-25,3.3169999999999997,4.357,-1.0400000000000005
1252,2015-10-26,4.309,5.064,-0.7549999999999999
1253,2015-10-27,6.252999999999999,6.568,-0.3150000000000004
1254,2015-10-28,6.57,6.734,-0.1639999999999997
1255,2015-10-29,5.957000000000001,5.358,0.5990000000000011
1256,2015-10-30,5.197,4.263,0.9340000000000002
1257,2015-10-31,4.542,3.613,0.9289999999999998
1258,2015-01-11,4.774,3.8560000000000003,0.9179999999999997
1259,2015-02-11,12.569,7.7829999999999995,4.786000000000001
1260,2015-03-11,21.927,12.659,9.267999999999999
1261,2015-04-11,21.78,14.383,7.397000000000002
1262,2015-05-11,18.526,13.228,5.298
1263,2015-06-11,14.534,10.671,3.8630000000000013
1264,2015-07-11,11.427999999999999,9.004,2.4239999999999995
1265,2015-08-11,9.379,8.043,1.3360000000000003
1266,2015-09-11,8.767000000000001,7.13,1.6370000000000013
1267,2015-10-11,8.154,6.7860000000000005,1.3679999999999994
1268,2015-11-11,8.154,8.385,-0.23099999999999987
1269,2015-12-11,8.154,10.135,-1.9809999999999999
1270,2015-11-13,8.154,9.599,-1.4450000000000003
1271,2015-11-14,7.267,7.885,-0.6179999999999994
1272,2015-11-15,6.232,6.335,-0.10299999999999976
1273,2015-11-16,5.3020000000000005,5.095,0.20700000000000074
1274,2015-11-17,4.605,4.455,0.15000000000000036
1275,2015-11-18,3.971,3.915,0.05600000000000005
1276,2015-11-19,3.443,3.16,0.2829999999999999
1277,2015-11-20,3.0,2.577,0.42300000000000004
1278,2015-11-21,2.577,2.325,0.2519999999999998
1279,2015-11-22,2.281,2.241,0.040000000000000036
1280,2015-11-23,2.07,2.187,-0.11699999999999999
1281,2015-11-24,1.922,2.168,-0.24600000000000022
1282,2015-11-25,1.796,2.123,-0.3270000000000002
1283,2015-11-26,1.943,2.362,-0.41900000000000004
1284,2015-11-27,7.246,6.541,0.7050000000000001
1285,2015-11-28,14.300999999999998,11.852,2.448999999999998
1286,2015-11-29,13.583,12.277999999999999,1.3050000000000015
1287,2015-11-30,11.196,9.776,1.42
1288,2015-01-12,9.147,8.975,0.1720000000000006
1289,2015-02-12,7.499,8.783,-1.2839999999999998
1290,2015-03-12,6.5489999999999995,8.708,-2.1590000000000007
1291,2015-04-12,5.577000000000001,8.221,-2.6439999999999992
1292,2015-05-12,4.838,6.843,-2.005
1293,2015-06-12,4.542,7.081,-2.5390000000000006
1294,2015-07-12,6.126,11.045,-4.919
1295,2015-08-12,7.33,12.671,-5.340999999999999
1296,2015-09-12,7.287999999999999,11.515999999999998,-4.227999999999999
1297,2015-10-12,7.436,11.217,-3.7810000000000006
1298,2015-11-12,6.992000000000001,10.39,-3.3979999999999997
1299,2015-12-12,6.654,10.84,-4.186
1300,2015-12-13,6.147,10.629000000000001,-4.482000000000001
1301,2015-12-14,5.492000000000001,8.748,-3.2559999999999985
1302,2015-12-15,5.007,7.194,-2.1870000000000003
1303,2015-12-16,5.471,8.207,-2.7360000000000007
1304,2015-12-17,5.999,9.396,-3.397000000000001
1305,2015-12-18,6.337000000000001,9.102,-2.7649999999999997
1306,2015-12-19,8.45,10.237,-1.7870000000000008
1307,2015-12-20,11.175,11.413,-0.23799999999999955
1308,2015-12-21,13.14,11.9,1.2400000000000002
1309,2015-12-22,16.562,12.463,4.099000000000002
1310,2015-12-23,16.097,11.645,4.452000000000002
1311,2015-12-24,13.372,9.752,3.619999999999999
1312,2015-12-25,11.302,8.693999999999999,2.6080000000000005
1313,2015-12-26,10.752,7.856,2.896000000000001
1314,2015-12-27,9.295,6.593,2.702
1315,2015-12-28,7.667999999999999,5.352,2.315999999999999
1316,2015-12-29,6.337000000000001,4.262,2.075000000000001
1317,2015-12-30,5.281000000000001,3.523,1.7580000000000005
1318,2015-12-31,4.5,4.129,0.37100000000000044
