,DATE,OBSRUNOFF,SIMRUNOFF,RESIDUAL
0,2011-01-19,36.038000000000004,0.009000000000000001,36.029
1,2011-01-20,23.419,0.019,23.400000000000002
2,2011-01-21,22.566,0.022000000000000002,22.544
3,2011-01-22,13.812999999999999,0.037000000000000005,13.775999999999998
4,2011-01-23,7.047999999999999,0.10300000000000001,6.944999999999999
5,2011-01-24,4.604,1.124,3.48
6,2011-01-25,3.1260000000000003,1.265,1.8610000000000004
7,2011-01-26,3.2969999999999997,0.431,2.8659999999999997
8,2011-01-27,5.457000000000001,0.41700000000000004,5.040000000000001
9,2011-01-28,5.1160000000000005,0.405,4.711
10,2011-01-29,4.547,0.39899999999999997,4.148
11,2011-01-30,4.206,0.39299999999999996,3.8130000000000006
12,2011-01-31,4.149,0.387,3.762
13,2011-01-02,2.217,0.401,1.816
14,2011-02-02,1.421,0.445,0.976
15,2011-03-02,1.421,0.48200000000000004,0.9390000000000001
16,2011-04-02,1.4780000000000002,0.502,0.9760000000000002
17,2011-05-02,1.705,0.507,1.198
18,2011-06-02,2.16,0.507,1.653
19,2011-07-02,1.4780000000000002,0.511,0.9670000000000002
20,2011-08-02,1.08,0.515,0.5650000000000001
21,2011-09-02,0.7390000000000001,0.507,0.2320000000000001
22,2011-10-02,0.7390000000000001,0.498,0.2410000000000001
23,2011-11-02,0.7390000000000001,0.49700000000000005,0.24200000000000005
24,2011-12-02,0.625,0.491,0.134
25,2011-02-13,0.625,0.47600000000000003,0.14899999999999997
26,2011-02-14,0.568,0.46,0.10799999999999993
27,2011-02-15,0.568,0.445,0.12299999999999994
28,2011-02-16,0.568,0.431,0.13699999999999996
29,2011-02-17,0.512,0.41700000000000004,0.09499999999999997
30,2011-02-18,0.455,0.40299999999999997,0.052000000000000046
31,2011-02-19,0.455,0.39,0.065
32,2011-02-20,0.39799999999999996,0.37799999999999995,0.020000000000000018
33,2011-02-21,0.512,0.365,0.14700000000000002
34,2011-02-22,0.341,0.353,-0.011999999999999955
35,2011-02-23,0.341,0.342,-0.0010000000000000009
36,2011-02-24,0.341,0.33299999999999996,0.008000000000000063
37,2011-02-25,0.341,0.364,-0.022999999999999965
38,2011-02-26,0.341,6.127000000000001,-5.7860000000000005
39,2011-02-27,0.341,20.090999999999998,-19.749999999999996
40,2011-02-28,0.341,8.203,-7.861999999999999
41,2011-01-03,0.7390000000000001,5.032,-4.293
42,2011-02-03,1.023,2.844,-1.821
43,2011-03-03,0.7390000000000001,1.3619999999999999,-0.6229999999999998
44,2011-04-03,0.682,1.0959999999999999,-0.4139999999999998
45,2011-05-03,0.7390000000000001,1.078,-0.33899999999999997
46,2011-06-03,0.625,1.052,-0.42700000000000005
47,2011-07-03,0.625,1.025,-0.3999999999999999
48,2011-08-03,0.625,1.0,-0.375
49,2011-09-03,0.682,0.9840000000000001,-0.30200000000000005
50,2011-10-03,0.682,0.971,-0.2889999999999999
51,2011-11-03,0.625,0.9490000000000001,-0.32400000000000007
52,2011-12-03,0.625,0.9259999999999999,-0.30099999999999993
53,2011-03-13,0.682,0.9059999999999999,-0.22399999999999987
54,2011-03-14,0.625,0.888,-0.263
55,2011-03-15,0.568,0.882,-0.31400000000000006
56,2011-03-16,0.512,0.899,-0.387
57,2011-03-17,0.512,0.898,-0.386
58,2011-03-18,0.512,0.872,-0.36
59,2011-03-19,0.512,0.8490000000000001,-0.3370000000000001
60,2011-03-20,0.455,0.838,-0.38299999999999995
61,2011-03-21,9.549,0.879,8.67
62,2011-03-22,22.055,30.142,-8.087
63,2011-03-23,11.198,14.19,-2.991999999999999
64,2011-03-24,24.044,6.507000000000001,17.537
65,2011-03-25,22.964000000000002,5.385,17.579
66,2011-03-26,16.655,3.208,13.447000000000001
67,2011-03-27,10.004,1.715,8.289
68,2011-03-28,6.821000000000001,1.482,5.339
69,2011-03-29,5.1160000000000005,1.443,3.6730000000000005
70,2011-03-30,5.684,1.405,4.279
71,2011-03-31,2.5580000000000003,1.3619999999999999,1.1960000000000004
72,2011-01-04,2.046,1.3980000000000001,0.6479999999999997
73,2011-02-04,15.687999999999999,4.76,10.927999999999999
74,2011-03-04,22.964000000000002,43.856,-20.892
75,2011-04-04,17.053,21.086,-4.032999999999998
76,2011-05-04,13.472000000000001,8.493,4.979000000000001
77,2011-06-04,18.019000000000002,36.732,-18.712999999999997
78,2011-07-04,24.044,48.606,-24.562
79,2011-08-04,19.724,13.015,6.709
80,2011-09-04,12.96,7.305,5.655000000000001
81,2011-10-04,8.299,7.962999999999999,0.3360000000000003
82,2011-11-04,13.300999999999998,14.757,-1.4560000000000013
83,2011-12-04,19.952,24.171,-4.218999999999998
84,2011-04-13,10.061,10.039,0.02200000000000024
85,2011-04-14,5.797999999999999,6.4079999999999995,-0.6100000000000003
86,2011-04-15,5.172999999999999,5.385,-0.21200000000000063
87,2011-04-16,8.413,6.495,1.9180000000000001
88,2011-04-17,13.982999999999999,6.5729999999999995,7.409999999999999
89,2011-04-18,19.213,6.468,12.745000000000001
90,2011-04-19,16.882,11.540999999999999,5.341000000000003
91,2011-04-20,16.257,22.396,-6.138999999999999
92,2011-04-21,16.314,21.553,-5.239000000000001
93,2011-04-22,17.848,21.754,-3.9060000000000024
94,2011-04-23,23.191999999999997,25.256999999999998,-2.0650000000000013
95,2011-04-24,21.031999999999996,26.824,-5.792000000000005
96,2011-04-25,18.303,23.164,-4.861000000000001
97,2011-04-26,14.437999999999999,11.789000000000001,2.6489999999999974
98,2011-04-27,10.857000000000001,9.466000000000001,1.391
99,2011-04-28,10.914000000000001,9.732999999999999,1.1810000000000027
100,2011-04-29,11.539000000000001,11.378,0.16100000000000136
101,2011-04-30,12.335,13.824000000000002,-1.4890000000000008
102,2011-01-05,13.642000000000001,16.795,-3.1530000000000005
103,2011-02-05,12.789000000000001,16.177,-3.387999999999998
104,2011-03-05,10.232000000000001,10.677999999999999,-0.44599999999999795
105,2011-04-05,8.526,9.561,-1.0350000000000001
106,2011-05-05,7.957999999999999,9.088,-1.13
107,2011-06-05,6.935,7.957999999999999,-1.0229999999999997
108,2011-07-05,15.687999999999999,8.478,7.209999999999999
109,2011-08-05,27.853,17.436,10.417000000000002
110,2011-09-05,37.118,25.311,11.807000000000002
111,2011-10-05,36.038000000000004,28.268,7.770000000000003
112,2011-11-05,21.826999999999998,17.796,4.030999999999999
113,2011-12-05,16.939,15.120999999999999,1.8180000000000014
114,2011-05-13,14.097000000000001,12.901,1.1960000000000015
115,2011-05-14,15.575,19.512999999999998,-3.937999999999999
116,2011-05-15,16.029,14.614,1.4149999999999991
117,2011-05-16,14.607999999999999,12.547,2.060999999999998
118,2011-05-17,12.619000000000002,11.812999999999999,0.8060000000000027
119,2011-05-18,11.539000000000001,9.668,1.8710000000000022
120,2011-05-19,28.705,12.152999999999999,16.552
121,2011-05-20,15.972999999999999,17.663,-1.6900000000000013
122,2011-05-21,16.712,19.147000000000002,-2.4350000000000023
123,2011-05-22,22.566,19.276,3.289999999999999
124,2011-05-23,30.638,29.365,1.2730000000000032
125,2011-05-24,43.711999999999996,46.407,-2.6950000000000003
126,2011-05-25,32.798,23.259,9.539000000000001
127,2011-05-26,15.517999999999999,19.899,-4.381000000000002
128,2011-05-27,15.687999999999999,13.417,2.270999999999999
129,2011-05-28,13.244000000000002,12.05,1.1940000000000008
130,2011-05-29,17.28,22.496,-5.2159999999999975
131,2011-05-30,20.918000000000003,26.904,-5.985999999999997
132,2011-05-31,18.133,20.192999999999998,-2.0599999999999987
133,2011-01-06,21.145,14.845,6.299999999999999
134,2011-02-06,38.653,36.668,1.9849999999999994
135,2011-03-06,25.863000000000003,17.035,8.828000000000003
136,2011-04-06,27.340999999999998,12.074000000000002,15.266999999999996
137,2011-05-06,17.962,10.547,7.414999999999999
138,2011-06-06,20.804000000000002,9.857999999999999,10.946000000000003
139,2011-07-06,22.168000000000003,26.872,-4.703999999999997
140,2011-08-06,18.928,14.728,4.200000000000001
141,2011-09-06,19.611,11.28,8.331000000000001
142,2011-10-06,9.322000000000001,13.695,-4.372999999999999
143,2011-11-06,10.459000000000001,10.918,-0.45899999999999785
144,2011-12-06,9.549,9.152000000000001,0.39699999999999847
145,2011-06-13,10.004,7.572,2.4319999999999995
146,2011-06-14,19.952,7.175,12.777000000000001
147,2011-06-15,19.554000000000002,12.894,6.660000000000002
148,2011-06-16,10.743,11.390999999999998,-0.6479999999999979
149,2011-06-17,17.394000000000002,8.841000000000001,8.553
150,2011-06-18,11.709000000000001,9.061,2.6480000000000015
151,2011-06-19,9.152000000000001,8.413,0.7390000000000008
152,2011-06-20,7.731,6.638,1.093
153,2011-06-21,6.422999999999999,5.1370000000000005,1.2859999999999987
154,2011-06-22,5.172999999999999,4.198,0.9749999999999988
155,2011-06-23,4.832,4.175,0.657
156,2011-06-24,4.775,4.418,0.3570000000000002
157,2011-06-25,3.865,4.155,-0.29000000000000004
158,2011-06-26,3.865,3.9560000000000004,-0.09100000000000019
159,2011-06-27,14.835999999999999,5.933,8.902999999999999
160,2011-06-28,26.034000000000002,11.857999999999999,14.176000000000004
161,2011-06-29,33.764,39.525999999999996,-5.761999999999993
162,2011-06-30,9.436,28.015,-18.579
163,2011-01-07,6.025,11.100999999999999,-5.075999999999999
164,2011-02-07,5.343,7.97,-2.627
165,2011-03-07,8.526,7.37,1.1559999999999997
166,2011-04-07,4.775,7.095,-2.3199999999999994
167,2011-05-07,3.5810000000000004,5.642,-2.061
168,2011-06-07,3.3539999999999996,4.099,-0.7450000000000006
169,2011-07-07,3.2969999999999997,3.8710000000000004,-0.5740000000000007
170,2011-08-07,7.6739999999999995,5.747999999999999,1.9260000000000002
171,2011-09-07,9.265,8.059,1.2060000000000013
172,2011-10-07,9.834,8.152000000000001,1.6819999999999986
173,2011-11-07,12.335,8.443,3.8920000000000012
174,2011-12-07,7.162000000000001,8.568999999999999,-1.4069999999999983
175,2011-07-13,3.467,7.337999999999999,-3.870999999999999
176,2011-07-14,2.387,5.6,-3.2129999999999996
177,2011-07-15,1.876,4.041,-2.1650000000000005
178,2011-07-16,1.535,3.742,-2.207
179,2011-07-17,3.695,3.603,0.09199999999999964
180,2011-07-18,5.2860000000000005,4.289,0.9970000000000008
181,2011-07-19,2.6719999999999997,4.422,-1.75
182,2011-07-20,4.4910000000000005,4.372,0.11900000000000066
183,2011-07-21,3.013,4.526,-1.513
184,2011-07-22,2.217,3.718,-1.501
185,2011-07-23,3.752,3.85,-0.09800000000000031
186,2011-07-24,2.387,3.728,-1.3410000000000002
187,2011-07-25,14.495,5.81,8.684999999999999
188,2011-07-26,11.482000000000001,14.632,-3.1499999999999986
189,2011-07-27,3.9789999999999996,10.991,-7.0120000000000005
190,2011-07-28,2.387,7.322,-4.9350000000000005
191,2011-07-29,1.705,5.129,-3.4239999999999995
192,2011-07-30,1.307,3.701,-2.394
193,2011-07-31,1.08,3.4789999999999996,-2.3989999999999996
194,2011-01-08,0.7959999999999999,3.3480000000000003,-2.5520000000000005
195,2011-02-08,0.625,3.222,-2.597
196,2011-03-08,0.7390000000000001,3.1,-2.3609999999999998
197,2011-04-08,1.4780000000000002,3.07,-1.5919999999999996
198,2011-05-08,6.537000000000001,3.06,3.4770000000000008
199,2011-06-08,8.015,5.34,2.6750000000000007
200,2011-07-08,4.434,6.388999999999999,-1.9549999999999992
201,2011-08-08,4.0360000000000005,5.662000000000001,-1.6260000000000003
202,2011-09-08,2.103,4.853,-2.7499999999999996
203,2011-10-08,1.876,3.34,-1.464
204,2011-11-08,1.307,3.068,-1.7610000000000001
205,2011-12-08,1.023,2.952,-1.929
206,2011-08-13,0.7959999999999999,2.841,-2.0450000000000004
207,2011-08-14,0.625,2.734,-2.109
208,2011-08-15,1.7619999999999998,2.727,-0.9650000000000001
209,2011-08-16,2.046,2.8710000000000004,-0.8250000000000006
210,2011-08-17,1.194,2.737,-1.5430000000000001
211,2011-08-18,1.023,2.6310000000000002,-1.6080000000000003
212,2011-08-19,2.217,2.531,-0.31400000000000006
213,2011-08-20,2.6719999999999997,2.793,-0.12100000000000044
214,2011-08-21,4.888,2.82,2.068
215,2011-08-22,8.185,4.449,3.7360000000000007
216,2011-08-23,5.229,5.56,-0.3309999999999995
217,2011-08-24,6.593999999999999,4.09,2.5039999999999996
218,2011-08-25,7.162000000000001,5.393,1.769000000000001
219,2011-08-26,4.149,6.4510000000000005,-2.3020000000000005
220,2011-08-27,6.707000000000001,4.725,1.982000000000001
221,2011-08-28,3.752,3.9219999999999997,-0.16999999999999993
222,2011-08-29,2.16,3.233,-1.073
223,2011-08-30,2.728,2.9339999999999997,-0.20599999999999952
224,2011-08-31,2.16,2.867,-0.7069999999999999
225,2011-01-09,1.6480000000000001,2.766,-1.1179999999999999
226,2011-02-09,1.421,2.6639999999999997,-1.2429999999999997
227,2011-03-09,9.891,3.905,5.986000000000001
228,2011-04-09,11.198,6.901,4.297000000000001
229,2011-05-09,7.047999999999999,8.312000000000001,-1.264000000000002
230,2011-06-09,9.72,8.057,1.6630000000000003
231,2011-07-09,25.579,21.576999999999998,4.0020000000000024
232,2011-08-09,10.743,20.297,-9.554
233,2011-09-09,7.843999999999999,11.482000000000001,-3.6380000000000017
234,2011-10-09,4.149,8.711,-4.562
235,2011-11-09,14.552,8.391,6.161
236,2011-12-09,6.651,9.115,-2.4640000000000004
237,2011-09-13,27.455,12.849,14.605999999999998
238,2011-09-14,16.2,21.397,-5.196999999999999
239,2011-09-15,5.513999999999999,10.895,-5.381
240,2011-09-16,3.069,7.853,-4.784
241,2011-09-17,2.046,5.687,-3.6410000000000005
242,2011-09-18,2.444,4.071000000000001,-1.6270000000000007
243,2011-09-19,8.64,4.118,4.522
244,2011-09-20,19.724,6.246,13.478
245,2011-09-21,10.914000000000001,8.24,2.6740000000000013
246,2011-09-22,43.257,20.166,23.090999999999998
247,2011-09-23,17.848,30.393,-12.545000000000002
248,2011-09-24,5.7410000000000005,11.713,-5.971999999999999
249,2011-09-25,3.638,7.814,-4.176
250,2011-09-26,33.025,9.373,23.652
251,2011-09-27,10.232000000000001,26.221,-15.988999999999999
252,2011-09-28,18.587,24.304000000000002,-5.717000000000002
253,2011-09-29,5.172999999999999,11.106,-5.933000000000001
254,2011-09-30,3.013,7.737,-4.724
255,2011-01-10,2.217,5.495,-3.278
256,2011-02-10,6.877999999999999,5.734,1.1439999999999992
257,2011-03-10,6.3660000000000005,6.452000000000001,-0.0860000000000003
258,2011-04-10,33.196,8.744,24.451999999999998
259,2011-05-10,24.215,40.181,-15.965999999999998
260,2011-06-10,29.956,45.148999999999994,-15.192999999999994
261,2011-07-10,35.242,27.413,7.828999999999997
262,2011-08-10,8.469,12.373,-3.904
263,2011-09-10,11.084000000000001,10.467,0.6170000000000009
264,2011-10-10,23.816999999999997,41.157,-17.34
265,2011-11-10,13.130999999999998,23.409000000000002,-10.278000000000004
266,2011-12-10,9.038,11.43,-2.3919999999999995
267,2011-10-13,4.377,9.32,-4.9430000000000005
268,2011-10-14,3.411,7.228,-3.8169999999999997
269,2011-10-15,7.957999999999999,6.757999999999999,1.2000000000000002
270,2011-10-16,5.797999999999999,7.4639999999999995,-1.6660000000000004
271,2011-10-17,10.743,9.418,1.325000000000001
272,2011-10-18,16.314,34.996,-18.682000000000002
273,2011-10-19,5.855,15.685,-9.83
274,2011-10-20,3.9789999999999996,9.519,-5.540000000000001
275,2011-10-21,17.053,7.329,9.724
276,2011-10-22,30.752,21.643,9.108999999999998
277,2011-10-23,8.128,26.438000000000002,-18.310000000000002
278,2011-10-24,3.5810000000000004,12.362,-8.780999999999999
279,2011-10-25,2.6719999999999997,9.715,-7.043
280,2011-10-26,1.989,7.997000000000001,-6.008000000000001
281,2011-10-27,3.695,6.676,-2.9810000000000003
282,2011-10-28,13.074000000000002,9.035,4.0390000000000015
283,2011-10-29,4.718,15.502,-10.784
284,2011-10-30,21.486,12.575999999999999,8.910000000000002
285,2011-10-31,8.811,12.140999999999998,-3.3299999999999983
286,2011-01-11,9.095,10.445,-1.3499999999999996
287,2011-02-11,8.811,10.509,-1.6980000000000004
288,2011-03-11,3.1830000000000003,9.982999999999999,-6.799999999999999
289,2011-04-11,3.411,7.915,-4.504
290,2011-05-11,8.299,7.354,0.9449999999999994
291,2011-06-11,15.404000000000002,9.103,6.301000000000002
292,2011-07-11,3.9789999999999996,9.211,-5.232000000000001
293,2011-08-11,2.387,6.829,-4.442
294,2011-09-11,1.819,4.98,-3.1610000000000005
295,2011-10-11,1.535,4.369,-2.8339999999999996
296,2011-11-11,1.251,4.231,-2.98
297,2011-12-11,0.966,4.098,-3.1319999999999997
298,2011-11-13,1.819,4.092,-2.2729999999999997
299,2011-11-14,1.7619999999999998,4.003,-2.2410000000000005
300,2011-11-15,1.4780000000000002,3.883,-2.405
301,2011-11-16,1.08,3.761,-2.681
302,2011-11-17,0.568,3.6439999999999997,-3.0759999999999996
303,2011-11-18,14.607999999999999,3.6189999999999998,10.988999999999999
304,2011-11-19,12.505,8.691,3.814
305,2011-11-20,4.775,11.832,-7.057
306,2011-11-21,2.387,8.559,-6.171999999999999
307,2011-11-22,1.7619999999999998,6.359,-4.597
308,2011-11-23,17.792,5.149,12.643
309,2011-11-24,11.765999999999998,31.944000000000003,-20.178000000000004
310,2011-11-25,29.671999999999997,57.037,-27.365000000000002
311,2011-11-26,11.994000000000002,15.753,-3.7589999999999986
312,2011-11-27,91.00399999999999,72.41,18.593999999999994
313,2011-11-28,6.877999999999999,22.8,-15.922
314,2011-11-29,55.818999999999996,23.844,31.974999999999994
315,2011-11-30,19.838,74.859,-55.020999999999994
316,2011-01-12,15.575,54.292,-38.717
317,2011-02-12,5.513999999999999,14.275,-8.761000000000001
318,2011-03-12,2.444,7.8389999999999995,-5.395
319,2011-04-12,1.933,5.932,-3.9990000000000006
320,2011-05-12,1.989,4.459,-2.4699999999999998
321,2011-06-12,2.046,4.033,-1.9870000000000005
322,2011-07-12,4.32,3.9210000000000003,0.399
323,2011-08-12,7.957999999999999,3.806,4.151999999999999
324,2011-09-12,6.422999999999999,3.696,2.726999999999999
325,2011-10-12,5.797999999999999,3.602,2.1959999999999993
326,2011-11-12,4.945,3.51,1.4350000000000005
327,2011-12-12,6.252999999999999,3.4410000000000003,2.811999999999999
328,2011-12-13,7.047999999999999,3.412,3.6359999999999992
329,2011-12-14,5.002,3.3810000000000002,1.6209999999999996
330,2011-12-15,5.059,4.3839999999999995,0.6750000000000007
331,2011-12-16,3.638,4.5969999999999995,-0.9589999999999996
332,2011-12-17,3.1830000000000003,3.508,-0.32499999999999973
333,2011-12-18,2.8989999999999996,3.3510000000000004,-0.45200000000000085
334,2011-12-19,2.5580000000000003,3.2539999999999996,-0.6959999999999993
335,2011-12-20,2.274,3.159,-0.8849999999999998
336,2011-12-21,1.989,3.068,-1.079
337,2011-12-22,2.387,2.9810000000000003,-0.5940000000000003
338,2011-12-23,27.171,6.58,20.591
339,2011-12-24,27.682,8.65,19.031999999999996
340,2011-12-25,21.088,6.649,14.439
341,2011-12-26,37.232,7.64,29.592
342,2011-12-27,68.381,67.212,1.168999999999997
343,2011-12-28,16.371,19.389,-3.0180000000000007
344,2011-12-29,7.047999999999999,9.915,-2.867
345,2011-12-30,6.082000000000001,9.129,-3.046999999999999
346,2011-12-31,7.332999999999999,6.3839999999999995,0.9489999999999998
347,2012-01-01,5.513999999999999,5.012,0.5019999999999998
348,2012-02-01,3.013,7.765,-4.752
349,2012-03-01,2.842,9.249,-6.407
350,2012-04-01,2.8989999999999996,7.079,-4.18
351,2012-05-01,3.069,5.204,-2.135
352,2012-06-01,3.1830000000000003,3.78,-0.5969999999999995
353,2012-07-01,2.728,3.5610000000000004,-0.8330000000000002
354,2012-08-01,2.501,3.866,-1.3650000000000002
355,2012-09-01,2.6719999999999997,3.6689999999999996,-0.9969999999999999
356,2012-10-01,2.842,3.53,-0.6879999999999997
357,2012-11-01,3.2969999999999997,3.5469999999999997,-0.25
358,2012-12-01,3.865,3.502,0.36300000000000043
359,2012-01-13,3.5810000000000004,3.424,0.15700000000000047
360,2012-01-14,2.728,3.332,-0.6039999999999996
361,2012-01-15,2.387,3.235,-0.8479999999999999
362,2012-01-16,2.046,3.15,-1.104
363,2012-01-17,1.819,3.068,-1.249
364,2012-01-18,1.6480000000000001,2.9789999999999996,-1.3309999999999995
365,2012-01-19,1.705,2.929,-1.2239999999999998
366,2012-01-20,1.7619999999999998,2.875,-1.1130000000000002
367,2012-01-21,1.6480000000000001,2.7969999999999997,-1.1489999999999996
368,2012-01-22,1.6480000000000001,2.7239999999999998,-1.0759999999999996
369,2012-01-23,1.705,2.6510000000000002,-0.9460000000000002
370,2012-01-24,1.535,2.573,-1.038
371,2012-01-25,1.421,2.497,-1.0759999999999998
372,2012-01-26,1.421,2.4219999999999997,-1.0009999999999997
373,2012-01-27,1.364,2.35,-0.986
374,2012-01-28,1.307,2.279,-0.972
375,2012-01-29,1.251,2.211,-0.96
376,2012-01-30,1.194,2.144,-0.9500000000000002
377,2012-01-31,1.137,2.08,-0.9430000000000001
378,2012-01-02,1.08,2.017,-0.9369999999999998
379,2012-02-02,1.08,1.9569999999999999,-0.8769999999999998
380,2012-03-02,1.023,1.9040000000000001,-0.8810000000000002
381,2012-04-02,0.966,1.8530000000000002,-0.8870000000000002
382,2012-05-02,0.966,1.797,-0.831
383,2012-06-02,0.909,1.754,-0.845
384,2012-07-02,0.909,1.7169999999999999,-0.8079999999999998
385,2012-08-02,0.853,1.67,-0.817
386,2012-09-02,0.7959999999999999,1.62,-0.8240000000000002
387,2012-10-02,0.7390000000000001,1.571,-0.8319999999999999
388,2012-11-02,0.7390000000000001,1.524,-0.7849999999999999
389,2012-12-02,0.682,1.4809999999999999,-0.7989999999999998
390,2012-02-13,0.682,1.4409999999999998,-0.7589999999999998
391,2012-02-14,0.625,1.401,-0.776
392,2012-02-15,0.625,1.3659999999999999,-0.7409999999999999
393,2012-02-16,0.682,1.335,-0.6529999999999999
394,2012-02-17,0.682,1.305,-0.6229999999999999
395,2012-02-18,0.853,1.281,-0.42799999999999994
396,2012-02-19,0.966,1.263,-0.29699999999999993
397,2012-02-20,0.909,1.24,-0.33099999999999996
398,2012-02-21,1.307,1.2229999999999999,0.08400000000000007
399,2012-02-22,6.935,1.218,5.717
400,2012-02-23,4.093,1.214,2.879
401,2012-02-24,5.172999999999999,1.229,3.943999999999999
402,2012-02-25,3.2969999999999997,1.24,2.0569999999999995
403,2012-02-26,2.444,1.227,1.2169999999999999
404,2012-02-27,1.876,1.198,0.6779999999999999
405,2012-02-28,4.6610000000000005,4.414,0.24700000000000077
406,2012-02-29,4.547,12.337,-7.79
407,2012-01-03,6.537000000000001,8.48,-1.9429999999999996
408,2012-02-03,9.72,5.827000000000001,3.893
409,2012-03-03,8.924,3.832,5.092
410,2012-04-03,6.3660000000000005,2.56,3.8060000000000005
411,2012-05-03,3.5810000000000004,1.875,1.7060000000000004
412,2012-06-03,2.5580000000000003,1.798,0.7600000000000002
413,2012-07-03,2.103,1.76,0.3430000000000002
414,2012-08-03,1.876,1.74,0.1359999999999999
415,2012-09-03,4.775,1.774,3.0010000000000003
416,2012-10-03,5.7410000000000005,3.065,2.6760000000000006
417,2012-11-03,4.888,3.412,1.476
418,2012-12-03,10.061,3.445,6.616
419,2012-03-13,19.156,5.103,14.052999999999999
420,2012-03-14,20.52,6.355,14.165
421,2012-03-15,13.130999999999998,6.879,6.251999999999999
422,2012-03-16,7.787000000000001,6.205,1.5820000000000007
423,2012-03-17,7.105,4.862,2.2430000000000003
424,2012-03-18,4.832,3.793,1.0389999999999997
425,2012-03-19,3.3539999999999996,2.752,0.6019999999999999
426,2012-03-20,5.2860000000000005,2.5380000000000003,2.748
427,2012-03-21,28.136999999999997,5.2170000000000005,22.919999999999995
428,2012-03-22,32.457,14.120999999999999,18.336000000000002
429,2012-03-23,15.687999999999999,11.539000000000001,4.148999999999997
430,2012-03-24,8.015,9.017999999999999,-1.0029999999999983
431,2012-03-25,5.7410000000000005,8.589,-2.848
432,2012-03-26,4.832,9.235,-4.403
433,2012-03-27,9.834,16.849,-7.015000000000001
434,2012-03-28,17.451,23.326,-5.875
435,2012-03-29,13.982999999999999,10.006,3.9769999999999985
436,2012-03-30,6.935,6.8839999999999995,0.051000000000000156
437,2012-03-31,4.547,5.191,-0.6440000000000001
438,2012-01-04,2.8989999999999996,3.5610000000000004,-0.6620000000000008
439,2012-02-04,2.728,3.178,-0.44999999999999973
440,2012-03-04,3.2969999999999997,3.083,0.21399999999999952
441,2012-04-04,4.149,2.991,1.158
442,2012-05-04,2.387,2.9019999999999997,-0.5149999999999997
443,2012-06-04,1.705,2.822,-1.117
444,2012-07-04,3.1260000000000003,2.7430000000000003,0.383
445,2012-08-04,2.6719999999999997,2.661,0.010999999999999677
446,2012-09-04,2.16,2.5839999999999996,-0.4239999999999995
447,2012-10-04,1.4780000000000002,2.7489999999999997,-1.2709999999999995
448,2012-11-04,1.251,4.923,-3.672
449,2012-12-04,1.251,7.431,-6.18
450,2012-04-13,1.307,8.107999999999999,-6.800999999999998
451,2012-04-14,1.364,8.61,-7.2459999999999996
452,2012-04-15,1.194,7.609,-6.415
453,2012-04-16,1.535,5.2410000000000005,-3.7060000000000004
454,2012-04-17,1.819,3.487,-1.6680000000000001
455,2012-04-18,1.421,2.997,-1.5759999999999998
456,2012-04-19,1.023,2.99,-1.9670000000000003
457,2012-04-20,1.08,4.235,-3.1550000000000002
458,2012-04-21,1.137,6.06,-4.923
459,2012-04-22,1.364,6.273,-4.909
460,2012-04-23,1.364,6.9479999999999995,-5.584
461,2012-04-24,1.705,9.548,-7.843
462,2012-04-25,1.876,11.097000000000001,-9.221000000000002
463,2012-04-26,2.16,26.493000000000002,-24.333000000000002
464,2012-04-27,3.5239999999999996,31.319000000000003,-27.795
465,2012-04-28,3.411,11.242,-7.831000000000001
466,2012-04-29,3.1830000000000003,6.986000000000001,-3.8030000000000004
467,2012-04-30,3.069,7.391,-4.322
468,2012-01-05,4.377,12.729000000000001,-8.352
469,2012-02-05,5.797999999999999,19.843,-14.045000000000002
470,2012-03-05,6.48,20.54,-14.059999999999999
471,2012-04-05,6.082000000000001,19.796,-13.713999999999999
472,2012-05-05,4.206,10.3,-6.094
473,2012-06-05,3.013,7.2989999999999995,-4.286
474,2012-07-05,2.331,5.237,-2.906
475,2012-08-05,1.989,4.004,-2.0149999999999997
476,2012-09-05,2.274,5.393,-3.1189999999999998
477,2012-10-05,3.752,8.077,-4.325
478,2012-11-05,5.229,14.762,-9.533000000000001
479,2012-12-05,5.343,11.665,-6.321999999999999
480,2012-05-13,4.775,8.562000000000001,-3.787000000000001
481,2012-05-14,6.651,32.265,-25.614
482,2012-05-15,5.627000000000001,24.122,-18.494999999999997
483,2012-05-16,4.547,13.659,-9.112000000000002
484,2012-05-17,4.149,16.788,-12.639
485,2012-05-18,4.32,10.47,-6.15
486,2012-05-19,4.775,8.107000000000001,-3.3320000000000007
487,2012-05-20,6.252999999999999,8.61,-2.357
488,2012-05-21,12.220999999999998,20.085,-7.8640000000000025
489,2012-05-22,24.954,38.824,-13.869999999999997
490,2012-05-23,36.549,39.674,-3.125
491,2012-05-24,38.198,35.543,2.655000000000001
492,2012-05-25,36.265,34.351,1.9140000000000015
493,2012-05-26,37.914,37.166,0.7480000000000047
494,2012-05-27,34.446,36.841,-2.395000000000003
495,2012-05-28,28.592,34.38,-5.788000000000004
496,2012-05-29,17.905,24.480999999999998,-6.575999999999997
497,2012-05-30,14.495,16.313,-1.8179999999999996
498,2012-05-31,12.164000000000001,15.878,-3.7139999999999986
499,2012-01-06,8.072000000000001,11.501,-3.4289999999999985
500,2012-02-06,6.3660000000000005,9.524,-3.1579999999999986
501,2012-03-06,6.707000000000001,8.362,-1.6549999999999994
502,2012-04-06,7.843999999999999,8.582,-0.7380000000000013
503,2012-05-06,14.04,11.187999999999999,2.8520000000000003
504,2012-06-06,11.88,11.767000000000001,0.11299999999999955
505,2012-07-06,14.722000000000001,16.631,-1.908999999999999
506,2012-08-06,21.656999999999996,27.365,-5.708000000000002
507,2012-09-06,24.385,28.973000000000003,-4.588000000000001
508,2012-10-06,25.693,28.088,-2.3949999999999996
509,2012-11-06,23.191999999999997,30.386,-7.194000000000003
510,2012-12-06,20.065,31.096999999999998,-11.031999999999996
511,2012-06-13,20.065,31.386,-11.320999999999998
512,2012-06-14,16.541,30.995,-14.454
513,2012-06-15,14.210999999999999,24.315,-10.104000000000003
514,2012-06-16,21.486,28.899,-7.413
515,2012-06-17,21.429000000000002,28.059,-6.629999999999999
516,2012-06-18,15.859000000000002,25.116,-9.256999999999998
517,2012-06-19,16.484,23.789,-7.305
518,2012-06-20,16.825,21.61,-4.785
519,2012-06-21,16.314,18.935,-2.6209999999999987
520,2012-06-22,29.386999999999997,29.838,-0.45100000000000406
521,2012-06-23,29.728,39.15,-9.421999999999997
522,2012-06-24,21.998,32.715,-10.717000000000002
523,2012-06-25,18.587,25.816999999999997,-7.229999999999997
524,2012-06-26,15.234000000000002,24.855999999999998,-9.621999999999996
525,2012-06-27,13.017000000000001,14.744000000000002,-1.7270000000000003
526,2012-06-28,11.652999999999999,16.846,-5.193000000000001
527,2012-06-29,26.375,27.725,-1.3500000000000014
528,2012-06-30,49.111999999999995,44.836999999999996,4.274999999999999
529,2012-01-07,36.265,43.864,-7.598999999999997
530,2012-02-07,27.398000000000003,44.603,-17.205
531,2012-03-07,12.050999999999998,20.730999999999998,-8.68
532,2012-04-07,16.484,21.898000000000003,-5.4140000000000015
533,2012-05-07,21.088,27.971999999999998,-6.883999999999997
534,2012-06-07,18.246,27.338,-9.092000000000002
535,2012-07-07,21.6,30.964000000000002,-9.364
536,2012-08-07,19.042,36.629,-17.586999999999996
537,2012-09-07,13.415,21.021,-7.606000000000002
538,2012-10-07,15.177,29.074,-13.897000000000002
539,2012-11-07,27.455,34.068000000000005,-6.613000000000007
540,2012-12-07,12.505,32.559,-20.053999999999995
541,2012-07-13,8.526,22.408,-13.882000000000001
542,2012-07-14,5.7410000000000005,13.472000000000001,-7.731000000000001
543,2012-07-15,5.1160000000000005,13.415999999999999,-8.299999999999997
544,2012-07-16,5.797999999999999,14.245999999999999,-8.448
545,2012-07-17,9.549,13.892999999999999,-4.343999999999999
546,2012-07-18,6.252999999999999,14.793,-8.54
547,2012-07-19,5.1160000000000005,12.695,-7.579
548,2012-07-20,4.4910000000000005,13.704,-9.213000000000001
549,2012-07-21,4.4910000000000005,12.634,-8.143
550,2012-07-22,19.952,21.191,-1.2389999999999972
551,2012-07-23,34.162,41.696000000000005,-7.534000000000006
552,2012-07-24,12.619000000000002,18.160999999999998,-5.541999999999996
553,2012-07-25,7.388999999999999,13.115,-5.726000000000001
554,2012-07-26,3.9219999999999997,11.502,-7.580000000000001
555,2012-07-27,5.968,10.543,-4.574999999999999
556,2012-07-28,7.276,21.486,-14.21
557,2012-07-29,3.5810000000000004,13.64,-10.059000000000001
558,2012-07-30,2.5580000000000003,10.350999999999999,-7.792999999999999
559,2012-07-31,3.1260000000000003,10.392000000000001,-7.266000000000001
560,2012-01-08,2.5580000000000003,10.884,-8.326
561,2012-02-08,6.935,13.657,-6.722
562,2012-03-08,4.888,14.995999999999999,-10.107999999999999
563,2012-04-08,3.2969999999999997,12.603,-9.306000000000001
564,2012-05-08,3.1830000000000003,12.507,-9.324
565,2012-06-08,2.16,10.793,-8.633
566,2012-07-08,2.103,9.6,-7.497
567,2012-08-08,2.103,8.644,-6.541
568,2012-09-08,1.7619999999999998,7.482,-5.720000000000001
569,2012-10-08,1.6480000000000001,6.695,-5.047000000000001
570,2012-11-08,1.364,6.041,-4.6770000000000005
571,2012-12-08,1.364,5.563,-4.199
572,2012-08-13,1.307,5.445,-4.138
573,2012-08-14,1.251,5.439,-4.188000000000001
574,2012-08-15,1.023,5.225,-4.202
575,2012-08-16,0.909,4.88,-3.971
576,2012-08-17,1.194,5.065,-3.8710000000000004
577,2012-08-18,11.482000000000001,5.907,5.575000000000001
578,2012-08-19,15.575,13.197000000000001,2.3779999999999983
579,2012-08-20,2.501,12.104000000000001,-9.603000000000002
580,2012-08-21,2.615,9.05,-6.4350000000000005
581,2012-08-22,3.411,7.882000000000001,-4.471
582,2012-08-23,2.5580000000000003,7.15,-4.5920000000000005
583,2012-08-24,2.217,6.852,-4.635
584,2012-08-25,4.0360000000000005,6.71,-2.6739999999999995
585,2012-08-26,3.5239999999999996,7.54,-4.016
586,2012-08-27,1.6480000000000001,7.079,-5.430999999999999
587,2012-08-28,13.415,5.912000000000001,7.502999999999998
588,2012-08-29,5.343,8.244,-2.901
589,2012-08-30,13.699000000000002,10.492,3.2070000000000007
590,2012-08-31,4.718,10.507,-5.789
591,2012-01-09,2.16,9.208,-7.048
592,2012-02-09,16.825,10.352,6.472999999999999
593,2012-03-09,12.902999999999999,18.4,-5.497
594,2012-04-09,22.396,12.307,10.089
595,2012-05-09,29.671999999999997,32.9,-3.2280000000000015
596,2012-06-09,6.763999999999999,13.597999999999999,-6.834
597,2012-07-09,14.267000000000001,11.251,3.016000000000002
598,2012-08-09,7.162000000000001,10.959000000000001,-3.7970000000000006
599,2012-09-09,6.196000000000001,9.567,-3.3709999999999996
600,2012-10-09,9.493,9.433,0.0600000000000005
601,2012-11-09,40.528,18.406,22.122
602,2012-12-09,17.507,33.745,-16.237999999999996
603,2012-09-13,12.96,22.517,-9.556999999999999
604,2012-09-14,45.474,32.724000000000004,12.749999999999993
605,2012-09-15,17.678,22.851999999999997,-5.173999999999996
606,2012-09-16,7.162000000000001,12.92,-5.757999999999999
607,2012-09-17,15.404000000000002,14.655,0.7490000000000023
608,2012-09-18,24.613000000000003,41.281000000000006,-16.668000000000003
609,2012-09-19,7.901,15.343,-7.442
610,2012-09-20,7.276,9.975,-2.699
611,2012-09-21,5.457000000000001,9.568999999999999,-4.111999999999998
612,2012-09-22,3.865,8.87,-5.004999999999999
613,2012-09-23,3.1260000000000003,8.332,-5.206
614,2012-09-24,3.467,8.402000000000001,-4.9350000000000005
615,2012-09-25,3.5239999999999996,7.734,-4.210000000000001
616,2012-09-26,4.547,6.046,-1.4990000000000006
617,2012-09-27,4.377,4.683,-0.30600000000000005
618,2012-09-28,9.891,4.418,5.473
619,2012-09-29,13.812999999999999,8.994,4.818999999999999
620,2012-09-30,6.082000000000001,11.152000000000001,-5.07
621,2012-01-10,14.267000000000001,9.865,4.402000000000001
622,2012-02-10,24.499000000000002,14.882,9.617000000000003
623,2012-03-10,17.053,26.764,-9.710999999999999
624,2012-04-10,20.747,30.337,-9.59
625,2012-05-10,9.038,16.14,-7.102
626,2012-06-10,5.2860000000000005,10.433,-5.146999999999999
627,2012-07-10,7.787000000000001,9.234,-1.4469999999999992
628,2012-08-10,13.130999999999998,9.263,3.8679999999999986
629,2012-09-10,5.229,8.423,-3.194
630,2012-10-10,3.695,7.1129999999999995,-3.4179999999999997
631,2012-11-10,2.842,7.181,-4.339
632,2012-12-10,1.989,7.245,-5.256
633,2012-10-13,1.421,6.76,-5.3389999999999995
634,2012-10-14,1.194,5.736000000000001,-4.542000000000001
635,2012-10-15,1.023,4.864,-3.841
636,2012-10-16,1.023,4.8180000000000005,-3.795000000000001
637,2012-10-17,1.137,4.518,-3.381
638,2012-10-18,7.617000000000001,4.441,3.176000000000001
639,2012-10-19,10.459000000000001,6.2379999999999995,4.221000000000002
640,2012-10-20,5.7410000000000005,6.896,-1.1549999999999994
641,2012-10-21,5.172999999999999,6.462999999999999,-1.29
642,2012-10-22,2.6719999999999997,6.019,-3.3470000000000004
643,2012-10-23,1.876,4.605,-2.7290000000000005
644,2012-10-24,4.149,4.394,-0.2450000000000001
645,2012-10-25,2.103,4.401,-2.2979999999999996
646,2012-10-26,2.046,4.311,-2.265
647,2012-10-27,2.444,4.18,-1.7359999999999998
648,2012-10-28,2.331,4.048,-1.717
649,2012-10-29,2.387,3.924,-1.537
650,2012-10-30,2.728,3.805,-1.077
651,2012-10-31,3.752,3.6860000000000004,0.06599999999999939
652,2012-01-11,7.6739999999999995,19.959,-12.285
653,2012-02-11,2.842,21.561,-18.719
654,2012-03-11,1.7619999999999998,10.182,-8.42
655,2012-04-11,1.535,7.872999999999999,-6.337999999999999
656,2012-05-11,1.705,5.849,-4.144
657,2012-06-11,1.989,4.144,-2.1550000000000002
658,2012-07-11,3.1830000000000003,3.734,-0.5509999999999997
659,2012-08-11,20.576999999999998,3.697,16.88
660,2012-09-11,6.196000000000001,4.331,1.8650000000000002
661,2012-10-11,5.002,19.006,-14.004000000000001
662,2012-11-11,3.1260000000000003,19.836,-16.709999999999997
663,2012-12-11,2.217,9.748,-7.530999999999999
664,2012-11-13,5.627000000000001,7.105,-1.4779999999999998
665,2012-11-14,43.882,37.883,5.998999999999995
666,2012-11-15,24.044,40.931,-16.886999999999997
667,2012-11-16,22.281999999999996,21.82,0.4619999999999962
668,2012-11-17,14.892999999999999,25.16,-10.267000000000001
669,2012-11-18,4.888,27.905,-23.017000000000003
670,2012-11-19,3.069,11.737,-8.668
671,2012-11-20,11.027000000000001,26.444000000000003,-15.417000000000002
672,2012-11-21,35.071999999999996,30.854,4.217999999999996
673,2012-11-22,20.008,26.543000000000003,-6.535000000000004
674,2012-11-23,21.998,21.945999999999998,0.052000000000003155
675,2012-11-24,6.935,21.598000000000003,-14.663000000000004
676,2012-11-25,3.1260000000000003,11.085999999999999,-7.959999999999998
677,2012-11-26,2.331,8.252,-5.921000000000001
678,2012-11-27,3.411,6.291,-2.8800000000000003
679,2012-11-28,5.513999999999999,4.572,0.9419999999999993
680,2012-11-29,7.388999999999999,4.136,3.2529999999999992
681,2012-11-30,7.502999999999999,4.01,3.4929999999999994
682,2012-01-12,15.290999999999999,3.888,11.402999999999999
683,2012-02-12,22.281999999999996,3.7689999999999997,18.512999999999998
684,2012-03-12,15.347000000000001,3.654,11.693000000000001
685,2012-04-12,2.8989999999999996,3.543,-0.6440000000000006
686,2012-05-12,12.220999999999998,3.435,8.785999999999998
687,2012-06-12,26.545,3.33,23.215000000000003
688,2012-07-12,46.156000000000006,3.2289999999999996,42.92700000000001
689,2012-08-12,54.909,3.13,51.778999999999996
690,2012-09-12,33.025,3.0389999999999997,29.985999999999997
691,2012-10-12,48.428999999999995,2.951,45.477999999999994
692,2012-11-12,48.202,2.861,45.341
693,2012-12-12,34.503,2.7739999999999996,31.729
694,2012-12-13,8.242,2.69,5.552000000000001
695,2012-12-14,2.501,2.608,-0.1070000000000002
696,2012-12-15,0.909,2.529,-1.6199999999999999
697,2012-12-16,0.22699999999999998,2.454,-2.2270000000000003
698,2012-12-17,0.171,3.377,-3.206
699,2012-12-18,0.171,3.8510000000000004,-3.6800000000000006
700,2012-12-19,0.171,2.833,-2.6620000000000004
701,2012-12-20,0.171,2.5380000000000003,-2.3670000000000004
702,2012-12-21,0.114,2.461,-2.347
703,2012-12-22,0.114,2.386,-2.2720000000000002
704,2012-12-23,0.057,2.314,-2.257
705,2012-12-24,0.057,2.244,-2.1870000000000003
706,2012-12-25,0.057,2.1790000000000003,-2.1220000000000003
707,2012-12-26,0.057,5.211,-5.154
708,2012-12-27,0.057,6.6370000000000005,-6.58
709,2012-12-28,0.114,4.381,-4.267
710,2012-12-29,54.79600000000001,2.787,52.00900000000001
711,2012-12-30,79.238,46.15,33.088
712,2012-12-31,25.976999999999997,19.012999999999998,6.963999999999999
713,2013-01-01,32.059,8.521,23.537999999999997
714,2013-02-01,22.509,7.624,14.885000000000002
715,2013-03-01,51.897,5.615,46.282
716,2013-04-01,62.526,4.542,57.984
717,2013-05-01,49.794,5.3020000000000005,44.492
718,2013-06-01,31.660999999999998,6.712000000000001,24.948999999999998
719,2013-07-01,17.053,7.435,9.618000000000002
720,2013-08-01,10.232000000000001,15.061,-4.828999999999999
721,2013-09-01,5.855,10.211,-4.356
722,2013-10-01,3.013,6.546,-3.5330000000000004
723,2013-11-01,2.5580000000000003,4.492,-1.9339999999999997
724,2013-12-01,2.8989999999999996,3.286,-0.38700000000000045
725,2013-01-13,4.149,3.16,0.9889999999999999
726,2013-01-14,5.343,3.065,2.278
727,2013-01-15,11.084000000000001,2.9730000000000003,8.111
728,2013-01-16,13.699000000000002,2.883,10.816000000000003
729,2013-01-17,7.617000000000001,2.7960000000000003,4.821000000000001
730,2013-01-18,20.975,2.7119999999999997,18.263
731,2013-01-19,41.153999999999996,2.63,38.523999999999994
732,2013-01-20,88.27600000000001,2.551,85.72500000000001
733,2013-01-21,44.848,2.474,42.373999999999995
734,2013-01-22,63.379,2.4,60.979
735,2013-01-23,56.558,2.327,54.231
736,2013-01-24,122.324,2.2569999999999997,120.067
737,2013-01-25,29.558000000000003,2.19,27.368000000000002
738,2013-01-26,5.571000000000001,2.126,3.4450000000000007
739,2013-01-27,2.8989999999999996,2.063,0.8359999999999994
740,2013-01-28,2.615,2.006,0.6090000000000004
741,2013-01-29,2.331,1.97,0.361
742,2013-01-30,8.469,2.245,6.223999999999999
743,2013-01-31,67.244,2.22,65.024
744,2013-01-02,4.888,2.082,2.806
745,2013-02-02,2.103,2.021,0.0820000000000003
746,2013-03-02,1.4780000000000002,1.963,-0.4849999999999999
747,2013-04-02,1.5919999999999999,1.913,-0.3210000000000002
748,2013-05-02,1.137,1.879,-0.742
749,2013-06-02,0.625,1.84,-1.215
750,2013-07-02,0.341,1.786,-1.445
751,2013-08-02,0.22699999999999998,1.732,-1.505
752,2013-09-02,0.22699999999999998,1.68,-1.4529999999999998
753,2013-10-02,0.171,1.629,-1.458
754,2013-11-02,0.171,1.58,-1.409
755,2013-12-02,0.171,1.5330000000000001,-1.362
756,2013-02-13,0.171,1.4869999999999999,-1.3159999999999998
757,2013-02-14,0.171,1.442,-1.271
758,2013-02-15,0.171,1.399,-1.228
759,2013-02-16,0.171,1.357,-1.186
760,2013-02-17,0.171,1.3219999999999998,-1.1509999999999998
761,2013-02-18,0.171,1.3030000000000002,-1.1320000000000001
762,2013-02-19,0.171,1.29,-1.119
763,2013-02-20,0.171,1.265,-1.0939999999999999
764,2013-02-21,0.171,1.228,-1.057
765,2013-02-22,0.171,1.1909999999999998,-1.0199999999999998
766,2013-02-23,0.114,1.155,-1.041
767,2013-02-24,0.114,1.12,-1.006
768,2013-02-25,0.114,1.087,-0.973
769,2013-02-26,0.114,1.054,-0.9400000000000001
770,2013-02-27,0.114,1.022,-0.908
771,2013-02-28,5.855,0.997,4.8580000000000005
772,2013-01-03,1.307,0.9740000000000001,0.33299999999999985
773,2013-02-03,1.307,0.951,0.356
774,2013-03-03,0.7390000000000001,0.932,-0.19299999999999995
775,2013-04-03,0.284,0.907,-0.623
776,2013-05-03,0.22699999999999998,0.882,-0.655
777,2013-06-03,0.22699999999999998,0.857,-0.63
778,2013-07-03,0.171,0.831,-0.6599999999999999
779,2013-08-03,0.171,0.8059999999999999,-0.6349999999999999
780,2013-09-03,0.171,0.782,-0.611
781,2013-10-03,0.171,0.758,-0.587
782,2013-11-03,0.171,0.736,-0.565
783,2013-12-03,0.171,0.7140000000000001,-0.543
784,2013-03-13,0.171,0.6920000000000001,-0.521
785,2013-03-14,0.114,0.672,-0.558
786,2013-03-15,0.114,0.652,-0.538
787,2013-03-16,0.114,0.633,-0.519
788,2013-03-17,0.114,0.616,-0.502
789,2013-03-18,0.114,0.597,-0.483
790,2013-03-19,0.114,0.579,-0.46499999999999997
791,2013-03-20,0.114,0.562,-0.44800000000000006
792,2013-03-21,0.114,0.545,-0.43100000000000005
793,2013-03-22,0.114,0.529,-0.41500000000000004
794,2013-03-23,0.114,0.513,-0.399
795,2013-03-24,0.114,0.49700000000000005,-0.38300000000000006
796,2013-03-25,0.114,0.48200000000000004,-0.36800000000000005
797,2013-03-26,0.114,0.46799999999999997,-0.354
798,2013-03-27,0.114,0.45399999999999996,-0.33999999999999997
799,2013-03-28,0.114,0.44,-0.326
800,2013-03-29,0.114,0.42700000000000005,-0.31300000000000006
801,2013-03-30,0.114,0.414,-0.3
802,2013-03-31,0.114,0.402,-0.28800000000000003
803,2013-01-04,0.114,0.39,-0.276
804,2013-02-04,0.114,0.37799999999999995,-0.26399999999999996
805,2013-03-04,0.114,0.36700000000000005,-0.25300000000000006
806,2013-04-04,0.114,0.35600000000000004,-0.24200000000000005
807,2013-05-04,0.171,0.345,-0.17399999999999996
808,2013-06-04,0.171,0.336,-0.165
809,2013-07-04,0.114,0.32799999999999996,-0.21399999999999997
810,2013-08-04,0.114,0.319,-0.20500000000000002
811,2013-09-04,0.114,0.31,-0.196
812,2013-10-04,0.114,0.3,-0.186
813,2013-11-04,0.114,0.29100000000000004,-0.17700000000000005
814,2013-12-04,0.114,0.282,-0.16799999999999998
815,2013-04-13,0.171,0.27399999999999997,-0.10299999999999995
816,2013-04-14,83.331,0.272,83.059
817,2013-04-15,197.015,20.222,176.79299999999998
818,2013-04-16,97.76799999999999,30.86,66.90799999999999
819,2013-04-17,54.341,49.938,4.402999999999999
820,2013-04-18,22.737,46.976000000000006,-24.239000000000008
821,2013-04-19,13.130999999999998,16.885,-3.754000000000003
822,2013-04-20,7.787000000000001,6.649,1.1380000000000008
823,2013-04-21,4.4910000000000005,5.047,-0.5559999999999992
824,2013-04-22,2.8989999999999996,4.938,-2.039
825,2013-04-23,2.103,5.051,-2.948
826,2013-04-24,1.876,4.341,-2.4650000000000003
827,2013-04-25,1.705,2.929,-1.2239999999999998
828,2013-04-26,1.5919999999999999,1.864,-0.27200000000000024
829,2013-04-27,1.933,1.6580000000000001,0.2749999999999999
830,2013-04-28,1.6480000000000001,1.666,-0.017999999999999794
831,2013-04-29,1.535,1.67,-0.135
832,2013-04-30,1.535,1.68,-0.14500000000000002
833,2013-01-05,1.421,1.661,-0.24
834,2013-02-05,1.6480000000000001,1.6230000000000002,0.02499999999999991
835,2013-03-05,1.194,1.589,-0.395
836,2013-04-05,1.023,1.56,-0.5370000000000001
837,2013-05-05,1.421,1.909,-0.488
838,2013-06-05,8.072000000000001,3.864,4.208000000000001
839,2013-07-05,15.12,16.783,-1.663000000000002
840,2013-08-05,23.362,28.421,-5.059000000000001
841,2013-09-05,34.900999999999996,42.253,-7.352000000000004
842,2013-10-05,27.568,32.452,-4.883999999999997
843,2013-11-05,19.326,22.254,-2.928000000000001
844,2013-12-05,13.187000000000001,21.539,-8.352
845,2013-05-13,10.004,18.68,-8.676
846,2013-05-14,5.855,8.852,-2.997
847,2013-05-15,6.309,6.784,-0.47499999999999964
848,2013-05-16,18.076,15.924000000000001,2.1519999999999992
849,2013-05-17,35.981,33.986,1.9950000000000045
850,2013-05-18,62.64,36.67,25.97
851,2013-05-19,52.92,36.048,16.872
852,2013-05-20,42.518,37.81,4.707999999999998
853,2013-05-21,30.410999999999998,34.811,-4.400000000000002
854,2013-05-22,18.758,33.016999999999996,-14.258999999999997
855,2013-05-23,17.621,13.235999999999999,4.385
856,2013-05-24,15.290999999999999,10.450999999999999,4.84
857,2013-05-25,15.802,12.942,2.8599999999999994
858,2013-05-26,20.406,19.855,0.5509999999999984
859,2013-05-27,26.147,24.691999999999997,1.4550000000000018
860,2013-05-28,25.011,21.138,3.8729999999999976
861,2013-05-29,38.482,22.66,15.822
862,2013-05-30,27.568,23.956,3.612000000000002
863,2013-05-31,28.136999999999997,22.891,5.245999999999999
864,2013-01-06,19.611,27.524,-7.913
865,2013-02-06,29.274,29.509,-0.23499999999999943
866,2013-03-06,14.324000000000002,13.465,0.8590000000000018
867,2013-04-06,13.187000000000001,9.657,3.530000000000001
868,2013-05-06,10.743,9.202,1.5410000000000004
869,2013-06-06,9.777000000000001,8.95,0.8270000000000017
870,2013-07-06,7.56,8.742,-1.1820000000000013
871,2013-08-06,10.8,8.58,2.2200000000000006
872,2013-09-06,10.743,7.627000000000001,3.1159999999999997
873,2013-10-06,10.232000000000001,6.874,3.3580000000000014
874,2013-11-06,10.970999999999998,6.992000000000001,3.9789999999999974
875,2013-12-06,10.8,7.24,3.5600000000000005
876,2013-06-13,18.644000000000002,7.608,11.036000000000001
877,2013-06-14,14.835999999999999,14.995999999999999,-0.16000000000000014
878,2013-06-15,9.265,12.027999999999999,-2.762999999999998
879,2013-06-16,10.061,8.805,1.2560000000000002
880,2013-06-17,7.276,7.822,-0.5460000000000003
881,2013-06-18,6.309,6.811,-0.5019999999999998
882,2013-06-19,7.276,5.577000000000001,1.698999999999999
883,2013-06-20,8.469,5.819,2.6499999999999995
884,2013-06-21,6.309,5.865,0.44399999999999995
885,2013-06-22,10.345,7.3389999999999995,3.006000000000001
886,2013-06-23,7.276,8.501,-1.2249999999999996
887,2013-06-24,7.218999999999999,7.093,0.12599999999999945
888,2013-06-25,6.651,6.914,-0.2629999999999999
889,2013-06-26,4.604,6.91,-2.306
890,2013-06-27,6.309,5.85,0.4590000000000005
891,2013-06-28,7.6739999999999995,5.223,2.4509999999999996
892,2013-06-29,12.845999999999998,7.41,5.435999999999998
893,2013-06-30,4.547,8.327,-3.7800000000000002
894,2013-01-07,6.422999999999999,6.372000000000001,0.05099999999999838
895,2013-02-07,4.434,5.462999999999999,-1.028999999999999
896,2013-03-07,4.945,4.6160000000000005,0.32899999999999974
897,2013-04-07,7.388999999999999,4.51,2.8789999999999996
898,2013-05-07,9.493,5.568,3.9250000000000007
899,2013-06-07,4.263,5.7,-1.4370000000000003
900,2013-07-07,4.093,4.843999999999999,-0.7509999999999994
901,2013-08-07,2.274,3.952,-1.678
902,2013-09-07,5.7410000000000005,3.858,1.8830000000000005
903,2013-10-07,3.5810000000000004,4.588,-1.0069999999999997
904,2013-11-07,1.989,4.404,-2.415
905,2013-12-07,1.5919999999999999,3.745,-2.1530000000000005
906,2013-07-13,1.6480000000000001,3.6060000000000003,-1.9580000000000002
907,2013-07-14,6.025,3.4789999999999996,2.5460000000000007
908,2013-07-15,10.686,5.303,5.383
909,2013-07-16,9.265,6.914,2.351000000000001
910,2013-07-17,12.392000000000001,7.081,5.311000000000001
911,2013-07-18,16.029,6.872000000000001,9.157
912,2013-07-19,8.299,7.564,0.7349999999999994
913,2013-07-20,2.728,7.23,-4.502000000000001
914,2013-07-21,1.705,5.044,-3.3389999999999995
915,2013-07-22,1.194,3.6289999999999996,-2.4349999999999996
916,2013-07-23,0.909,3.412,-2.503
917,2013-07-24,0.7390000000000001,3.283,-2.5439999999999996
918,2013-07-25,0.625,3.159,-2.534
919,2013-07-26,1.876,4.343,-2.467
920,2013-07-27,9.095,6.847,2.248
921,2013-07-28,1.989,7.718999999999999,-5.7299999999999995
922,2013-07-29,4.263,6.694,-2.431
923,2013-07-30,4.434,6.3389999999999995,-1.9049999999999994
924,2013-07-31,7.276,6.888,0.3879999999999999
925,2013-01-08,3.1830000000000003,6.236000000000001,-3.0530000000000004
926,2013-02-08,7.446000000000001,5.122999999999999,2.3230000000000013
927,2013-03-08,18.928,5.763,13.165000000000001
928,2013-04-08,12.96,8.396,4.564
929,2013-05-08,17.792,13.407,4.385000000000002
930,2013-06-08,26.261,16.177,10.084
931,2013-07-08,6.082000000000001,19.369,-13.286999999999999
932,2013-08-08,7.332999999999999,9.785,-2.452000000000001
933,2013-09-08,4.945,6.7,-1.755
934,2013-10-08,2.16,4.775,-2.615
935,2013-11-08,1.535,3.537,-2.002
936,2013-12-08,1.421,3.38,-1.9589999999999999
937,2013-08-13,1.364,3.31,-1.946
938,2013-08-14,1.137,3.2230000000000003,-2.0860000000000003
939,2013-08-15,0.966,3.1060000000000003,-2.1400000000000006
940,2013-08-16,11.198,4.354,6.844
941,2013-08-17,6.707000000000001,13.126,-6.418999999999999
942,2013-08-18,30.581,21.138,9.442999999999998
943,2013-08-19,27.796,31.166,-3.370000000000001
944,2013-08-20,7.787000000000001,12.202,-4.414999999999999
945,2013-08-21,4.149,7.397,-3.248
946,2013-08-22,2.615,5.1339999999999995,-2.5189999999999992
947,2013-08-23,1.876,3.531,-1.6550000000000002
948,2013-08-24,1.4780000000000002,3.208,-1.73
949,2013-08-25,1.194,3.092,-1.8980000000000001
950,2013-08-26,1.023,2.98,-1.957
951,2013-08-27,0.909,2.872,-1.9629999999999999
952,2013-08-28,1.08,2.773,-1.693
953,2013-08-29,0.909,2.678,-1.769
954,2013-08-30,0.682,2.58,-1.8980000000000001
955,2013-08-31,3.2969999999999997,3.1489999999999996,0.14800000000000013
956,2013-01-09,27.682,4.916,22.766
957,2013-02-09,14.835999999999999,14.333,0.5029999999999983
958,2013-03-09,5.172999999999999,10.655999999999999,-5.483
959,2013-04-09,2.842,6.534,-3.6919999999999997
960,2013-05-09,2.046,4.368,-2.3220000000000005
961,2013-06-09,4.547,3.123,1.4239999999999995
962,2013-07-09,11.823,5.542000000000001,6.281
963,2013-08-09,5.229,7.355,-2.1260000000000003
964,2013-09-09,2.8989999999999996,5.667999999999999,-2.7689999999999997
965,2013-10-09,2.274,3.9810000000000003,-1.7070000000000003
966,2013-11-09,1.819,3.0669999999999997,-1.2479999999999998
967,2013-12-09,1.535,2.94,-1.405
968,2013-09-13,1.4780000000000002,2.8369999999999997,-1.3589999999999995
969,2013-09-14,4.32,2.77,1.5500000000000003
970,2013-09-15,5.571000000000001,4.291,1.2800000000000002
971,2013-09-16,17.792,7.126,10.666
972,2013-09-17,4.4910000000000005,7.709,-3.217999999999999
973,2013-09-18,3.5239999999999996,5.897,-2.3730000000000007
974,2013-09-19,3.467,4.356,-0.8889999999999998
975,2013-09-20,2.615,3.266,-0.6509999999999998
976,2013-09-21,3.467,2.938,0.5289999999999999
977,2013-09-22,5.684,4.486000000000001,1.1979999999999995
978,2013-09-23,3.24,5.827999999999999,-2.587999999999999
979,2013-09-24,2.274,4.725,-2.4509999999999996
980,2013-09-25,1.876,3.207,-1.331
981,2013-09-26,1.7619999999999998,2.948,-1.1860000000000002
982,2013-09-27,1.535,2.846,-1.3110000000000002
983,2013-09-28,1.364,2.7460000000000004,-1.3820000000000003
984,2013-09-29,1.307,2.6510000000000002,-1.3440000000000003
985,2013-09-30,1.194,2.5580000000000003,-1.3640000000000003
986,2013-01-10,1.023,2.469,-1.446
987,2013-02-10,0.909,2.3819999999999997,-1.4729999999999996
988,2013-03-10,0.853,2.299,-1.446
989,2013-04-10,2.217,2.218,-0.0009999999999998899
990,2013-05-10,17.109,6.096,11.013000000000002
991,2013-06-10,12.789000000000001,8.264,4.525000000000002
992,2013-07-10,38.653,8.494,30.159
993,2013-08-10,28.875999999999998,33.562,-4.686
994,2013-09-10,30.296999999999997,27.371,2.9259999999999984
995,2013-10-10,6.025,10.588,-4.562999999999999
996,2013-11-10,3.1830000000000003,6.914,-3.7309999999999994
997,2013-12-10,2.444,4.623,-2.1790000000000003
998,2013-10-13,1.989,3.0039999999999996,-1.0149999999999995
999,2013-10-14,1.705,2.67,-0.9649999999999999
1000,2013-10-15,1.5919999999999999,2.5789999999999997,-0.9869999999999999
1001,2013-10-16,1.4780000000000002,2.492,-1.0139999999999998
1002,2013-10-17,1.364,2.407,-1.043
1003,2013-10-18,1.08,2.325,-1.245
1004,2013-10-19,1.023,2.246,-1.223
1005,2013-10-20,0.909,2.169,-1.26
1006,2013-10-21,0.7390000000000001,2.095,-1.356
1007,2013-10-22,49.168,2.109,47.059
1008,2013-10-23,39.107,37.742,1.365000000000002
1009,2013-10-24,42.347,40.269,2.078000000000003
1010,2013-10-25,13.244000000000002,19.717,-6.472999999999997
1011,2013-10-26,28.023000000000003,14.735,13.288000000000004
1012,2013-10-27,14.267000000000001,11.904000000000002,2.3629999999999995
1013,2013-10-28,36.436,23.749000000000002,12.686999999999998
1014,2013-10-29,18.076,15.322000000000001,2.7539999999999996
1015,2013-10-30,9.152000000000001,13.085999999999999,-3.9339999999999975
1016,2013-10-31,12.845999999999998,12.261,0.5849999999999991
1017,2013-01-11,16.655,24.385,-7.73
1018,2013-02-11,13.642000000000001,30.861,-17.219
1019,2013-03-11,7.047999999999999,12.788,-5.740000000000001
1020,2013-04-11,4.945,8.538,-3.593
1021,2013-05-11,3.695,6.518,-2.823
1022,2013-06-11,3.1260000000000003,4.899,-1.7729999999999997
1023,2013-07-11,2.8989999999999996,4.301,-1.4020000000000006
1024,2013-08-11,3.5810000000000004,3.737,-0.1559999999999997
1025,2013-09-11,4.377,4.227,0.14999999999999947
1026,2013-10-11,3.8080000000000003,4.43,-0.6219999999999994
1027,2013-11-11,5.7410000000000005,3.388,2.3530000000000006
1028,2013-12-11,6.422999999999999,6.82,-0.39700000000000113
1029,2013-11-13,4.547,9.095,-4.548000000000001
1030,2013-11-14,4.32,7.69,-3.37
1031,2013-11-15,15.687999999999999,9.859,5.828999999999999
1032,2013-11-16,90.208,41.848,48.36
1033,2013-11-17,26.886,39.273,-12.387000000000004
1034,2013-11-18,8.128,12.786,-4.6579999999999995
1035,2013-11-19,5.172999999999999,7.662000000000001,-2.4890000000000017
1036,2013-11-20,6.138999999999999,5.5329999999999995,0.6059999999999999
1037,2013-11-21,5.2860000000000005,3.9139999999999997,1.3720000000000008
1038,2013-11-22,3.865,3.5610000000000004,0.3039999999999998
1039,2013-11-23,3.1260000000000003,3.455,-0.32899999999999974
1040,2013-11-24,2.8989999999999996,3.35,-0.4510000000000005
1041,2013-11-25,2.785,3.2489999999999997,-0.4639999999999995
1042,2013-11-26,5.4,3.153,2.2470000000000003
1043,2013-11-27,35.525999999999996,3.637,31.888999999999996
1044,2013-11-28,15.687999999999999,5.224,10.463999999999999
1045,2013-11-29,6.138999999999999,5.196000000000001,0.9429999999999987
1046,2013-11-30,4.6610000000000005,3.575,1.0860000000000003
1047,2013-01-12,9.891,3.2439999999999998,6.647
1048,2013-02-12,5.172999999999999,3.1710000000000003,2.001999999999999
1049,2013-03-12,26.488000000000003,3.1319999999999997,23.356
1050,2013-04-12,10.232000000000001,3.089,7.143000000000001
1051,2013-05-12,5.7410000000000005,3.022,2.7190000000000007
1052,2013-06-12,6.821000000000001,2.9530000000000003,3.8680000000000003
1053,2013-07-12,10.288,2.878,7.41
1054,2013-08-12,15.177,2.8,12.376999999999999
1055,2013-09-12,21.429000000000002,2.742,18.687
1056,2013-10-12,27.965999999999998,8.142000000000001,19.823999999999998
1057,2013-11-12,30.524,14.084000000000001,16.439999999999998
1058,2013-12-12,36.152,20.573,15.579
1059,2013-12-13,15.972999999999999,9.832,6.140999999999998
1060,2013-12-14,20.349,7.834,12.515
1061,2013-12-15,9.379,17.08,-7.700999999999999
1062,2013-12-16,13.472000000000001,24.651,-11.178999999999998
1063,2013-12-17,7.731,10.918,-3.1869999999999994
1064,2013-12-18,4.604,7.865,-3.261
1065,2013-12-19,3.8080000000000003,6.5120000000000005,-2.704
1066,2013-12-20,4.0360000000000005,5.306,-1.2699999999999996
1067,2013-12-21,7.218999999999999,4.045,3.1739999999999995
1068,2013-12-22,6.763999999999999,6.166,0.597999999999999
1069,2013-12-23,5.571000000000001,7.376,-1.8049999999999997
1070,2013-12-24,5.513999999999999,5.4,0.11399999999999899
1071,2013-12-25,5.343,4.27,1.0730000000000004
1072,2013-12-26,4.149,3.7760000000000002,0.3729999999999998
1073,2013-12-27,3.9219999999999997,3.688,0.23399999999999954
1074,2013-12-28,4.263,3.688,0.5749999999999997
1075,2013-12-29,4.0360000000000005,3.682,0.35400000000000054
1076,2013-12-30,3.069,3.614,-0.5449999999999999
1077,2013-12-31,3.695,3.9560000000000004,-0.26100000000000056
1078,2014-01-01,3.695,4.8389999999999995,-1.1439999999999997
1079,2014-02-01,3.1830000000000003,5.002,-1.8189999999999995
1080,2014-03-01,2.8989999999999996,4.697,-1.7980000000000005
1081,2014-04-01,2.728,4.967,-2.2389999999999994
1082,2014-05-01,2.615,5.672999999999999,-3.057999999999999
1083,2014-06-01,2.444,5.669,-3.2249999999999996
1084,2014-07-01,5.571000000000001,5.867000000000001,-0.29600000000000026
1085,2014-08-01,10.402000000000001,14.783,-4.3809999999999985
1086,2014-09-01,9.493,14.068,-4.574999999999999
1087,2014-10-01,7.162000000000001,9.081,-1.9189999999999987
1088,2014-11-01,4.206,6.5889999999999995,-2.382999999999999
1089,2014-12-01,7.276,4.752,2.524
1090,2014-01-13,24.158,3.965,20.193
1091,2014-01-14,37.004,3.845,33.159
1092,2014-01-15,49.50899999999999,3.73,45.778999999999996
1093,2014-01-16,41.552,3.6180000000000003,37.934
1094,2014-01-17,23.874000000000002,3.509,20.365000000000002
1095,2014-01-18,12.335,3.404,8.931000000000001
1096,2014-01-19,6.025,3.302,2.7230000000000003
1097,2014-01-20,5.7410000000000005,3.2030000000000003,2.5380000000000003
1098,2014-01-21,5.4,3.1060000000000003,2.294
1099,2014-01-22,4.888,3.013,1.875
1100,2014-01-23,5.4,2.9219999999999997,2.4780000000000006
1101,2014-01-24,4.149,2.835,1.314
1102,2014-01-25,4.434,2.752,1.6820000000000004
1103,2014-01-26,3.5810000000000004,2.6710000000000003,0.9100000000000001
1104,2014-01-27,5.571000000000001,2.591,2.9800000000000004
1105,2014-01-28,5.1160000000000005,2.513,2.6030000000000006
1106,2014-01-29,2.9560000000000004,2.438,0.5180000000000002
1107,2014-01-30,2.046,2.364,-0.31800000000000006
1108,2014-01-31,1.876,2.293,-0.41700000000000026
1109,2014-01-02,1.819,2.224,-0.40500000000000025
1110,2014-02-02,1.6480000000000001,2.1590000000000003,-0.5110000000000001
1111,2014-03-02,1.6480000000000001,2.115,-0.4670000000000001
1112,2014-04-02,1.421,2.0909999999999997,-0.6699999999999997
1113,2014-05-02,1.251,2.061,-0.81
1114,2014-06-02,1.137,2.023,-0.8860000000000001
1115,2014-07-02,1.023,1.979,-0.9560000000000002
1116,2014-08-02,0.966,1.9409999999999998,-0.9749999999999999
1117,2014-09-02,0.853,1.943,-1.09
1118,2014-10-02,0.909,1.983,-1.074
1119,2014-11-02,0.853,1.9680000000000002,-1.1150000000000002
1120,2014-12-02,0.7959999999999999,1.919,-1.1230000000000002
1121,2014-02-13,0.7959999999999999,1.865,-1.069
1122,2014-02-14,0.7390000000000001,1.8230000000000002,-1.084
1123,2014-02-15,0.7959999999999999,1.8159999999999998,-1.02
1124,2014-02-16,0.7959999999999999,1.8659999999999999,-1.0699999999999998
1125,2014-02-17,0.7959999999999999,1.864,-1.068
1126,2014-02-18,0.7959999999999999,1.824,-1.028
1127,2014-02-19,0.7959999999999999,1.771,-0.975
1128,2014-02-20,0.7959999999999999,1.7180000000000002,-0.9220000000000003
1129,2014-02-21,0.853,1.669,-0.8160000000000001
1130,2014-02-22,0.853,1.6280000000000001,-0.7750000000000001
1131,2014-02-23,8.185,1.611,6.574000000000001
1132,2014-02-24,22.906999999999996,38.059,-15.152000000000001
1133,2014-02-25,18.701,30.254,-11.553
1134,2014-02-26,13.472000000000001,18.416,-4.943999999999999
1135,2014-02-27,8.413,9.004,-0.5909999999999993
1136,2014-02-28,5.627000000000001,6.861000000000001,-1.234
1137,2014-01-03,3.752,5.502999999999999,-1.7509999999999994
1138,2014-02-03,3.695,3.8710000000000004,-0.1760000000000006
1139,2014-03-03,2.615,2.492,0.12300000000000022
1140,2014-04-03,2.615,2.307,0.3080000000000003
1141,2014-05-03,1.819,2.3,-0.48099999999999987
1142,2014-06-03,1.933,2.452,-0.5189999999999999
1143,2014-07-03,4.6610000000000005,4.712,-0.05099999999999927
1144,2014-08-03,3.695,5.7589999999999995,-2.0639999999999996
1145,2014-09-03,7.731,5.324,2.407
1146,2014-10-03,9.322000000000001,5.994,3.328000000000001
1147,2014-11-03,7.6739999999999995,5.263,2.4109999999999996
1148,2014-12-03,5.4,3.5589999999999997,1.8410000000000006
1149,2014-03-13,5.002,2.787,2.215
1150,2014-03-14,3.24,2.762,0.4780000000000002
1151,2014-03-15,3.069,2.728,0.34099999999999975
1152,2014-03-16,3.5810000000000004,2.6689999999999996,0.9120000000000008
1153,2014-03-17,3.467,2.608,0.859
1154,2014-03-18,3.1260000000000003,2.55,0.5760000000000005
1155,2014-03-19,2.842,2.485,0.3570000000000002
1156,2014-03-20,9.436,9.052999999999999,0.3830000000000009
1157,2014-03-21,7.617000000000001,10.603,-2.985999999999999
1158,2014-03-22,6.3660000000000005,6.736000000000001,-0.3700000000000001
1159,2014-03-23,6.138999999999999,4.6819999999999995,1.4569999999999999
1160,2014-03-24,6.593999999999999,3.134,3.4599999999999995
1161,2014-03-25,6.992000000000001,2.734,4.258000000000001
1162,2014-03-26,6.707000000000001,2.6519999999999997,4.0550000000000015
1163,2014-03-27,3.467,2.6189999999999998,0.8480000000000003
1164,2014-03-28,3.24,3.9760000000000004,-0.7360000000000002
1165,2014-03-29,3.695,7.751,-4.056000000000001
1166,2014-03-30,4.0360000000000005,21.644000000000002,-17.608
1167,2014-03-31,3.9789999999999996,20.483,-16.504
1168,2014-01-04,4.604,9.849,-5.245
1169,2014-02-04,3.2969999999999997,7.541,-4.244000000000001
1170,2014-03-04,4.093,6.122999999999999,-2.0299999999999994
1171,2014-04-04,4.604,4.499,0.10500000000000043
1172,2014-05-04,3.1830000000000003,3.634,-0.4509999999999996
1173,2014-06-04,3.467,5.002,-1.5349999999999997
1174,2014-07-04,10.515999999999998,31.464000000000002,-20.948000000000004
1175,2014-08-04,16.541,32.684,-16.142999999999997
1176,2014-09-04,21.6,20.721,0.8790000000000013
1177,2014-10-04,17.053,16.189,0.8640000000000008
1178,2014-11-04,10.118,15.065,-4.946999999999999
1179,2014-12-04,6.651,9.546,-2.8949999999999996
1180,2014-04-13,5.968,8.387,-2.4190000000000005
1181,2014-04-14,4.718,7.44,-2.7220000000000004
1182,2014-04-15,4.604,5.331,-0.7270000000000003
1183,2014-04-16,3.638,3.855,-0.21700000000000008
1184,2014-04-17,3.5239999999999996,4.35,-0.8260000000000001
1185,2014-04-18,3.2969999999999997,4.793,-1.4960000000000004
1186,2014-04-19,3.069,4.809,-1.7400000000000002
1187,2014-04-20,3.411,5.481,-2.07
1188,2014-04-21,4.206,6.867000000000001,-2.6610000000000005
1189,2014-04-22,6.992000000000001,15.373,-8.380999999999998
1190,2014-04-23,10.857000000000001,35.106,-24.249000000000002
1191,2014-04-24,16.541,29.208000000000002,-12.667000000000002
1192,2014-04-25,16.598,19.616,-3.0180000000000007
1193,2014-04-26,14.380999999999998,20.433,-6.052000000000001
1194,2014-04-27,17.337,24.748,-7.411000000000001
1195,2014-04-28,19.099,25.22,-6.120999999999999
1196,2014-04-29,18.531,23.823,-5.292000000000002
1197,2014-04-30,15.290999999999999,14.794,0.4969999999999981
1198,2014-01-05,9.265,9.734,-0.4689999999999994
1199,2014-02-05,6.763999999999999,7.135,-0.37100000000000044
1200,2014-03-05,5.059,5.4879999999999995,-0.4289999999999994
1201,2014-04-05,4.547,4.3069999999999995,0.2400000000000002
1202,2014-05-05,3.752,4.378,-0.6260000000000003
1203,2014-06-05,9.379,7.06,2.319
1204,2014-07-05,18.644000000000002,14.277000000000001,4.367000000000001
1205,2014-08-05,19.269000000000002,19.982,-0.7129999999999974
1206,2014-09-05,15.575,14.247,1.3279999999999994
1207,2014-10-05,14.267000000000001,12.954,1.3130000000000006
1208,2014-11-05,15.632,18.48,-2.8480000000000008
1209,2014-12-05,16.257,18.916,-2.658999999999999
1210,2014-05-13,15.915999999999999,18.498,-2.5820000000000025
1211,2014-05-14,16.996,25.011,-8.015
1212,2014-05-15,17.223,14.526,2.696999999999999
1213,2014-05-16,45.985,46.77,-0.7850000000000037
1214,2014-05-17,54.853,33.0,21.853
1215,2014-05-18,49.225,20.514,28.711000000000002
1216,2014-05-19,39.505,27.513,11.992
1217,2014-05-20,30.808000000000003,26.136,4.672000000000004
1218,2014-05-21,36.038000000000004,25.998,10.040000000000003
1219,2014-05-22,60.309,31.340999999999998,28.968
1220,2014-05-23,36.663000000000004,38.866,-2.202999999999996
1221,2014-05-24,44.336999999999996,35.676,8.660999999999994
1222,2014-05-25,24.385,19.743,4.642000000000003
1223,2014-05-26,23.816999999999997,17.63,6.186999999999998
1224,2014-05-27,27.057,18.339000000000002,8.717999999999996
1225,2014-05-28,27.568,21.888,5.68
1226,2014-05-29,23.816999999999997,22.674,1.1429999999999971
1227,2014-05-30,21.714000000000002,19.535,2.179000000000002
1228,2014-05-31,22.509,19.122,3.3870000000000005
1229,2014-01-06,24.215,17.721,6.494
1230,2014-02-06,27.455,20.145,7.309999999999999
1231,2014-03-06,25.295,21.906999999999996,3.3880000000000052
1232,2014-04-06,18.531,20.282,-1.7510000000000012
1233,2014-05-06,36.265,20.456,15.809000000000001
1234,2014-06-06,23.930999999999997,21.153000000000002,2.777999999999995
1235,2014-07-06,20.975,21.276,-0.3009999999999984
1236,2014-08-06,20.349,19.345,1.0040000000000013
1237,2014-09-06,21.543000000000003,17.97,3.573000000000004
1238,2014-10-06,24.954,15.374,9.58
1239,2014-11-06,41.778999999999996,25.748,16.030999999999995
1240,2014-12-06,62.526,37.133,25.393
1241,2014-06-13,27.853,38.045,-10.192
1242,2014-06-14,17.621,17.342,0.2789999999999999
1243,2014-06-15,16.484,12.674000000000001,3.8100000000000005
1244,2014-06-16,16.996,12.574000000000002,4.421999999999997
1245,2014-06-17,11.709000000000001,12.568,-0.8589999999999982
1246,2014-06-18,17.053,12.033,5.020000000000001
1247,2014-06-19,25.011,17.907,7.103999999999999
1248,2014-06-20,10.175,12.015,-1.8399999999999999
1249,2014-06-21,6.196000000000001,9.787,-3.591
1250,2014-06-22,5.571000000000001,8.498,-2.9269999999999987
1251,2014-06-23,5.855,7.596,-1.7409999999999997
1252,2014-06-24,6.537000000000001,7.245,-0.7079999999999993
1253,2014-06-25,7.731,7.438,0.29300000000000015
1254,2014-06-26,7.332999999999999,7.734,-0.4010000000000007
1255,2014-06-27,8.299,7.874,0.4249999999999998
1256,2014-06-28,9.152000000000001,8.315,0.8370000000000015
1257,2014-06-29,8.754,8.658,0.09600000000000009
1258,2014-06-30,7.56,9.06,-1.5000000000000009
1259,2014-01-07,8.64,10.918,-2.2779999999999987
1260,2014-02-07,6.252999999999999,11.300999999999998,-5.047999999999999
1261,2014-03-07,15.632,15.89,-0.2580000000000009
1262,2014-04-07,7.162000000000001,11.905999999999999,-4.743999999999998
1263,2014-05-07,14.324000000000002,10.205,4.1190000000000015
1264,2014-06-07,24.726,15.445,9.280999999999999
1265,2014-07-07,29.615,14.86,14.754999999999999
1266,2014-08-07,8.242,16.997,-8.754999999999999
1267,2014-09-07,10.970999999999998,11.618,-0.647000000000002
1268,2014-10-07,5.855,10.0,-4.145
1269,2014-11-07,4.6610000000000005,9.111,-4.45
1270,2014-12-07,4.093,8.166,-4.073
1271,2014-07-13,3.5810000000000004,8.08,-4.499
1272,2014-07-14,3.1830000000000003,7.747000000000001,-4.564
1273,2014-07-15,4.6610000000000005,8.164,-3.5029999999999992
1274,2014-07-16,4.888,9.26,-4.372
1275,2014-07-17,4.0360000000000005,8.695,-4.659
1276,2014-07-18,3.013,7.69,-4.6770000000000005
1277,2014-07-19,2.387,6.596,-4.209
1278,2014-07-20,2.331,5.361000000000001,-3.0300000000000007
1279,2014-07-21,1.933,4.45,-2.5170000000000003
1280,2014-07-22,1.705,4.184,-2.479
1281,2014-07-23,1.5919999999999999,4.084,-2.492
1282,2014-07-24,1.535,3.9819999999999998,-2.447
1283,2014-07-25,3.24,3.923,-0.6829999999999998
1284,2014-07-26,3.1830000000000003,4.065,-0.8820000000000001
1285,2014-07-27,3.1830000000000003,5.365,-2.182
1286,2014-07-28,3.1260000000000003,6.41,-3.284
1287,2014-07-29,1.876,6.502999999999999,-4.626999999999999
1288,2014-07-30,4.604,6.432,-1.8280000000000003
1289,2014-07-31,13.187000000000001,6.525,6.662000000000001
1290,2014-01-08,16.541,8.158999999999999,8.382000000000001
1291,2014-02-08,6.593999999999999,9.558,-2.9640000000000004
1292,2014-03-08,12.164000000000001,9.971,2.1930000000000014
1293,2014-04-08,3.5810000000000004,9.681000000000001,-6.1000000000000005
1294,2014-05-08,1.933,7.807,-5.8740000000000006
1295,2014-06-08,1.364,5.569,-4.205
1296,2014-07-08,1.137,4.069,-2.932
1297,2014-08-08,1.989,4.401,-2.412
1298,2014-09-08,1.933,4.158,-2.2250000000000005
1299,2014-10-08,4.434,4.01,0.4240000000000004
1300,2014-11-08,3.2969999999999997,4.305,-1.008
1301,2014-12-08,8.811,4.1930000000000005,4.617999999999999
1302,2014-08-13,4.547,4.346,0.20099999999999962
1303,2014-08-14,2.046,4.039,-1.9929999999999999
1304,2014-08-15,1.421,3.734,-2.3129999999999997
1305,2014-08-16,1.194,3.597,-2.403
1306,2014-08-17,2.8989999999999996,3.716,-0.8170000000000006
1307,2014-08-18,3.467,3.986,-0.5190000000000001
1308,2014-08-19,2.728,4.425,-1.6969999999999996
1309,2014-08-20,2.5580000000000003,3.972,-1.4139999999999997
1310,2014-08-21,3.5810000000000004,3.552,0.02900000000000036
1311,2014-08-22,2.6719999999999997,3.4589999999999996,-0.7869999999999999
1312,2014-08-23,7.218999999999999,3.5469999999999997,3.6719999999999997
1313,2014-08-24,3.411,3.56,-0.14900000000000002
1314,2014-08-25,2.444,3.471,-1.0270000000000001
1315,2014-08-26,3.24,3.388,-0.1479999999999997
1316,2014-08-27,2.501,3.275,-0.774
1317,2014-08-28,1.421,3.165,-1.744
1318,2014-08-29,1.08,3.049,-1.9689999999999999
1319,2014-08-30,1.876,3.014,-1.138
1320,2014-08-31,1.4780000000000002,3.0010000000000003,-1.5230000000000001
1321,2014-01-09,1.023,2.925,-1.902
1322,2014-02-09,1.876,3.07,-1.194
1323,2014-03-09,1.307,2.9160000000000004,-1.6090000000000004
1324,2014-04-09,1.023,2.79,-1.7670000000000001
1325,2014-05-09,0.7959999999999999,2.688,-1.8920000000000003
1326,2014-06-09,1.08,2.596,-1.516
1327,2014-07-09,3.8080000000000003,2.9610000000000003,0.847
1328,2014-08-09,6.252999999999999,4.481,1.7719999999999994
1329,2014-09-09,2.16,4.513,-2.3529999999999998
1330,2014-10-09,1.4780000000000002,2.945,-1.4669999999999996
1331,2014-11-09,1.137,2.654,-1.517
1332,2014-12-09,1.023,2.5580000000000003,-1.5350000000000004
1333,2014-09-13,0.853,2.465,-1.6119999999999999
1334,2014-09-14,0.682,2.375,-1.693
1335,2014-09-15,0.568,2.289,-1.721
1336,2014-09-16,0.39799999999999996,2.206,-1.808
1337,2014-09-17,0.284,2.126,-1.8419999999999999
1338,2014-09-18,0.22699999999999998,2.049,-1.822
1339,2014-09-19,0.22699999999999998,1.974,-1.7469999999999999
1340,2014-09-20,5.1160000000000005,1.902,3.2140000000000004
1341,2014-09-21,2.444,3.3710000000000004,-0.9270000000000005
1342,2014-09-22,1.194,3.745,-2.551
1343,2014-09-23,1.08,2.238,-1.158
1344,2014-09-24,3.9219999999999997,2.013,1.9089999999999998
1345,2014-09-25,5.059,3.2739999999999996,1.7850000000000006
1346,2014-09-26,34.275999999999996,5.443,28.833
1347,2014-09-27,50.533,33.859,16.674
1348,2014-09-28,20.349,36.079,-15.73
1349,2014-09-29,6.537000000000001,11.97,-5.433
1350,2014-09-30,2.9560000000000004,7.327000000000001,-4.371
1351,2014-01-10,9.095,5.143,3.952000000000001
1352,2014-02-10,7.388999999999999,5.665,1.7239999999999993
1353,2014-03-10,2.6719999999999997,5.847,-3.1750000000000007
1354,2014-04-10,3.467,5.145,-1.6779999999999995
1355,2014-05-10,3.5239999999999996,4.754,-1.23
1356,2014-06-10,2.785,4.313,-1.5279999999999996
1357,2014-07-10,1.421,3.68,-2.2590000000000003
1358,2014-08-10,3.069,2.8280000000000003,0.24099999999999966
1359,2014-09-10,16.029,3.99,12.039
1360,2014-10-10,24.215,7.218,16.997
1361,2014-11-10,15.859000000000002,15.912,-0.05299999999999905
1362,2014-12-10,5.172999999999999,10.845999999999998,-5.672999999999999
1363,2014-10-13,4.718,8.283,-3.5649999999999995
1364,2014-10-14,2.615,6.287999999999999,-3.672999999999999
1365,2014-10-15,1.7619999999999998,4.316,-2.5540000000000003
1366,2014-10-16,1.307,3.148,-1.8410000000000002
1367,2014-10-17,1.023,3.023,-2.0
1368,2014-10-18,7.957999999999999,2.9210000000000003,5.036999999999999
1369,2014-10-19,44.621,8.14,36.481
1370,2014-10-20,27.455,37.968,-10.513000000000005
1371,2014-10-21,6.196000000000001,13.947000000000001,-7.751
1372,2014-10-22,7.901,9.036,-1.1349999999999998
1373,2014-10-23,14.949000000000002,8.487,6.4620000000000015
1374,2014-10-24,47.236000000000004,34.126999999999995,13.109000000000009
1375,2014-10-25,24.272,22.409000000000002,1.862999999999996
1376,2014-10-26,89.015,25.824,63.191
1377,2014-10-27,60.309,64.01,-3.7010000000000076
1378,2014-10-28,132.613,75.732,56.881
1379,2014-10-29,15.290999999999999,67.669,-52.378
1380,2014-10-30,5.571000000000001,17.708,-12.136999999999997
1381,2014-10-31,13.755999999999998,8.527999999999999,5.228
1382,2014-01-11,24.897,9.698,15.198999999999998
1383,2014-02-11,15.517999999999999,16.534000000000002,-1.0160000000000036
1384,2014-03-11,12.505,17.608,-5.103
1385,2014-04-11,8.185,12.604000000000001,-4.4190000000000005
1386,2014-05-11,3.2969999999999997,9.232000000000001,-5.935000000000001
1387,2014-06-11,1.933,6.603,-4.67
1388,2014-07-11,1.4780000000000002,4.636,-3.158
1389,2014-08-11,2.615,3.6919999999999997,-1.0769999999999995
1390,2014-09-11,27.0,4.166,22.834
1391,2014-10-11,15.915999999999999,19.997,-4.081000000000001
1392,2014-11-11,3.467,14.677999999999999,-11.210999999999999
1393,2014-12-11,2.16,8.25,-6.09
1394,2014-11-13,9.265,6.5729999999999995,2.692000000000001
1395,2014-11-14,5.571000000000001,6.381,-0.8099999999999996
1396,2014-11-15,2.615,5.5089999999999995,-2.8939999999999992
1397,2014-11-16,1.535,4.008,-2.473
1398,2014-11-17,0.853,3.7539999999999996,-2.901
1399,2014-11-18,1.08,3.636,-2.556
1400,2014-11-19,0.909,3.522,-2.6129999999999995
1401,2014-11-20,0.682,3.412,-2.73
1402,2014-11-21,0.568,3.3080000000000003,-2.74
1403,2014-11-22,0.7390000000000001,3.2119999999999997,-2.473
1404,2014-11-23,1.307,3.176,-1.8690000000000002
1405,2014-11-24,1.5919999999999999,3.661,-2.069
1406,2014-11-25,2.274,3.94,-1.666
1407,2014-11-26,2.046,3.36,-1.314
1408,2014-11-27,1.535,3.549,-2.0140000000000002
1409,2014-11-28,3.2969999999999997,3.44,-0.14300000000000024
1410,2014-11-29,3.013,3.263,-0.25
1411,2014-11-30,2.501,3.182,-0.681
1412,2014-01-12,1.307,3.105,-1.798
1413,2014-02-12,1.08,3.048,-1.968
1414,2014-03-12,1.819,2.987,-1.1680000000000001
1415,2014-04-12,5.797999999999999,3.2430000000000003,2.554999999999999
1416,2014-05-12,3.013,3.8789999999999996,-0.8659999999999997
1417,2014-06-12,2.046,3.5439999999999996,-1.4979999999999998
1418,2014-07-12,2.274,3.0639999999999996,-0.7899999999999996
1419,2014-08-12,3.3539999999999996,2.997,0.35699999999999976
1420,2014-09-12,2.8989999999999996,2.925,-0.026000000000000245
1421,2014-10-12,4.547,2.8539999999999996,1.693
1422,2014-11-12,5.059,2.793,2.266
1423,2014-12-12,6.537000000000001,2.7289999999999996,3.808000000000001
1424,2014-12-13,4.263,2.661,1.6019999999999999
1425,2014-12-14,4.434,2.59,1.8440000000000003
1426,2014-12-15,4.604,2.545,2.059
1427,2014-12-16,3.9789999999999996,2.506,1.4729999999999999
1428,2014-12-17,2.615,2.449,0.16600000000000037
1429,2014-12-18,2.16,2.392,-0.23199999999999976
1430,2014-12-19,2.331,2.349,-0.018000000000000238
1431,2014-12-20,2.274,2.307,-0.03299999999999992
1432,2014-12-21,2.217,2.249,-0.03200000000000003
1433,2014-12-22,4.547,2.2030000000000003,2.3439999999999994
1434,2014-12-23,3.8080000000000003,2.17,1.6380000000000003
1435,2014-12-24,2.8989999999999996,2.126,0.7729999999999997
1436,2014-12-25,3.2969999999999997,2.069,1.2279999999999998
1437,2014-12-26,3.8080000000000003,2.0069999999999997,1.8010000000000006
1438,2014-12-27,1.989,1.949,0.040000000000000036
1439,2014-12-28,1.4780000000000002,1.895,-0.4169999999999998
1440,2014-12-29,2.8989999999999996,1.844,1.0549999999999995
1441,2014-12-30,4.149,1.794,2.355
1442,2014-12-31,14.380999999999998,1.76,12.620999999999999
1443,2015-01-01,15.062999999999999,1.824,13.238999999999999
1444,2015-02-01,16.029,5.447,10.582
1445,2015-03-01,10.061,7.303,2.758
1446,2015-04-01,8.185,4.904,3.2810000000000006
1447,2015-05-01,4.945,3.056,1.8890000000000002
1448,2015-06-01,3.411,2.294,1.117
1449,2015-07-01,3.9789999999999996,2.6260000000000003,1.3529999999999993
1450,2015-08-01,3.695,2.6069999999999998,1.088
1451,2015-09-01,3.1830000000000003,2.403,0.7800000000000002
1452,2015-10-01,3.752,2.347,1.4049999999999998
1453,2015-11-01,7.731,2.319,5.412
1454,2015-12-01,10.629000000000001,2.29,8.339000000000002
1455,2015-01-13,5.7410000000000005,2.251,3.4900000000000007
1456,2015-01-14,5.172999999999999,2.207,2.9659999999999993
1457,2015-01-15,6.025,2.154,3.8710000000000004
1458,2015-01-16,5.7410000000000005,2.102,3.6390000000000007
1459,2015-01-17,6.821000000000001,2.06,4.761000000000001
1460,2015-01-18,6.537000000000001,2.02,4.517000000000001
1461,2015-01-19,5.059,1.9680000000000002,3.091
1462,2015-01-20,4.0360000000000005,1.91,2.1260000000000003
1463,2015-01-21,3.24,1.8530000000000002,1.387
1464,2015-01-22,1.6480000000000001,1.796,-0.1479999999999999
1465,2015-01-23,1.251,1.742,-0.4910000000000001
1466,2015-01-24,1.933,1.6980000000000002,0.23499999999999988
1467,2015-01-25,1.819,1.663,0.15599999999999992
1468,2015-01-26,2.501,1.631,0.8699999999999999
1469,2015-01-27,2.217,1.598,0.619
1470,2015-01-28,3.1830000000000003,1.57,1.6130000000000002
1471,2015-01-29,2.6719999999999997,1.551,1.1209999999999998
1472,2015-01-30,2.785,1.5330000000000001,1.252
1473,2015-01-31,2.444,1.508,0.9359999999999999
1474,2015-01-02,1.989,1.465,0.524
1475,2015-02-02,1.7619999999999998,1.421,0.34099999999999975
1476,2015-03-02,1.535,1.3780000000000001,0.1569999999999998
1477,2015-04-02,1.364,1.337,0.027000000000000135
1478,2015-05-02,1.364,1.296,0.06800000000000006
1479,2015-06-02,1.364,1.258,0.1060000000000001
1480,2015-07-02,1.6480000000000001,1.228,0.42000000000000015
1481,2015-08-02,1.535,1.202,0.33299999999999996
1482,2015-09-02,1.6480000000000001,1.173,0.4750000000000001
1483,2015-10-02,2.8989999999999996,1.15,1.7489999999999997
1484,2015-11-02,4.377,1.16,3.2169999999999996
1485,2015-12-02,2.785,1.158,1.6270000000000002
1486,2015-02-13,2.274,1.143,1.131
1487,2015-02-14,1.989,1.125,0.8640000000000001
1488,2015-02-15,1.819,1.104,0.7149999999999999
1489,2015-02-16,1.705,1.083,0.6220000000000001
1490,2015-02-17,1.535,1.058,0.47699999999999987
1491,2015-02-18,4.434,1.055,3.3790000000000004
1492,2015-02-19,21.429000000000002,4.013,17.416000000000004
1493,2015-02-20,7.731,5.84,1.891
1494,2015-02-21,5.855,4.079,1.7760000000000007
1495,2015-02-22,5.2860000000000005,2.365,2.9210000000000003
1496,2015-02-23,4.888,1.504,3.384
1497,2015-02-24,4.775,1.4669999999999999,3.3080000000000007
1498,2015-02-25,3.8080000000000003,1.435,2.373
1499,2015-02-26,3.638,1.4069999999999998,2.231
1500,2015-02-27,3.1260000000000003,1.39,1.7360000000000004
1501,2015-02-28,2.842,1.371,1.471
1502,2015-01-03,2.5580000000000003,1.375,1.1830000000000003
1503,2015-02-03,2.444,1.399,1.045
1504,2015-03-03,2.728,1.39,1.3380000000000003
1505,2015-04-03,2.842,1.354,1.488
1506,2015-05-03,1.933,1.318,0.615
1507,2015-06-03,1.4780000000000002,1.317,0.16100000000000025
1508,2015-07-03,3.638,1.744,1.894
1509,2015-08-03,16.768,43.685,-26.917
1510,2015-09-03,10.061,16.918,-6.856999999999999
1511,2015-10-03,12.96,5.777,7.183000000000001
1512,2015-11-03,12.505,3.93,8.575000000000001
1513,2015-12-03,10.970999999999998,2.4530000000000003,8.517999999999997
1514,2015-03-13,6.537000000000001,1.996,4.541
1515,2015-03-14,6.821000000000001,1.985,4.836
1516,2015-03-15,6.082000000000001,2.333,3.7490000000000006
1517,2015-03-16,3.24,2.821,0.41900000000000004
1518,2015-03-17,2.785,2.995,-0.20999999999999996
1519,2015-03-18,2.501,3.7969999999999997,-1.2959999999999998
1520,2015-03-19,2.274,5.091,-2.817
1521,2015-03-20,1.933,4.677,-2.7439999999999998
1522,2015-03-21,2.331,3.392,-1.061
1523,2015-03-22,1.876,2.6060000000000003,-0.7300000000000004
1524,2015-03-23,1.705,2.497,-0.7919999999999998
1525,2015-03-24,1.535,2.45,-0.9150000000000003
1526,2015-03-25,1.7619999999999998,2.394,-0.6320000000000003
1527,2015-03-26,1.705,2.329,-0.6240000000000001
1528,2015-03-27,1.307,2.262,-0.9550000000000001
1529,2015-03-28,1.194,2.199,-1.005
1530,2015-03-29,1.194,2.148,-0.9540000000000002
1531,2015-03-30,1.194,2.105,-0.911
1532,2015-03-31,1.194,2.056,-0.8620000000000001
1533,2015-01-04,1.251,2.001,-0.75
1534,2015-02-04,1.535,1.9480000000000002,-0.41300000000000026
1535,2015-03-04,1.251,1.892,-0.641
1536,2015-04-04,1.876,1.835,0.040999999999999925
1537,2015-05-04,1.705,1.781,-0.07599999999999985
1538,2015-06-04,1.023,1.73,-0.7070000000000001
1539,2015-07-04,1.876,1.795,0.08099999999999996
1540,2015-08-04,3.5239999999999996,1.952,1.5719999999999996
1541,2015-09-04,3.013,2.358,0.6549999999999998
1542,2015-10-04,3.3539999999999996,3.088,0.26599999999999957
1543,2015-11-04,4.149,4.725,-0.5759999999999996
1544,2015-12-04,4.206,6.171,-1.9649999999999999
1545,2015-04-13,3.3539999999999996,5.346,-1.9920000000000004
1546,2015-04-14,3.1260000000000003,3.478,-0.35199999999999987
1547,2015-04-15,3.1830000000000003,3.2089999999999996,-0.025999999999999357
1548,2015-04-16,2.615,3.12,-0.5049999999999999
1549,2015-04-17,3.069,2.536,0.5329999999999999
1550,2015-04-18,2.6719999999999997,2.4819999999999998,0.18999999999999995
1551,2015-04-19,1.989,2.728,-0.7390000000000001
1552,2015-04-20,2.615,4.648,-2.0329999999999995
1553,2015-04-21,3.069,7.682,-4.613
1554,2015-04-22,2.728,8.043,-5.3149999999999995
1555,2015-04-23,4.945,8.214,-3.269
1556,2015-04-24,4.547,7.734,-3.1870000000000003
1557,2015-04-25,4.206,5.604,-1.3979999999999997
1558,2015-04-26,3.9789999999999996,4.313,-0.3340000000000001
1559,2015-04-27,3.013,3.213,-0.20000000000000018
1560,2015-04-28,2.6719999999999997,2.958,-0.2860000000000005
1561,2015-04-29,2.615,2.8789999999999996,-0.26399999999999935
1562,2015-04-30,2.331,2.855,-0.524
1563,2015-01-05,2.16,2.855,-0.6949999999999998
1564,2015-02-05,2.615,2.813,-0.19799999999999995
1565,2015-03-05,2.8989999999999996,2.7460000000000004,0.15299999999999914
1566,2015-04-05,2.615,3.699,-1.0839999999999996
1567,2015-05-05,5.684,6.525,-0.8410000000000002
1568,2015-06-05,12.902999999999999,23.619,-10.716000000000001
1569,2015-07-05,11.027000000000001,26.331999999999997,-15.304999999999996
1570,2015-08-05,9.322000000000001,9.972000000000001,-0.6500000000000004
1571,2015-09-05,9.493,6.32,3.173
1572,2015-10-05,8.413,4.901,3.5120000000000005
1573,2015-11-05,20.236,6.849,13.387
1574,2015-12-05,28.421,47.652,-19.231
1575,2015-05-13,31.206,29.273000000000003,1.9329999999999963
1576,2015-05-14,25.295,14.194,11.101
1577,2015-05-15,17.451,10.189,7.2620000000000005
1578,2015-05-16,14.154000000000002,13.624,0.5300000000000011
1579,2015-05-17,11.425,10.205,1.2200000000000006
1580,2015-05-18,8.924,8.255,0.6689999999999987
1581,2015-05-19,7.276,8.613,-1.3369999999999997
1582,2015-05-20,8.583,11.145999999999999,-2.562999999999999
1583,2015-05-21,10.232000000000001,17.895,-7.6629999999999985
1584,2015-05-22,22.055,36.43,-14.375
1585,2015-05-23,21.714000000000002,16.305,5.4090000000000025
1586,2015-05-24,15.972999999999999,10.237,5.735999999999999
1587,2015-05-25,14.267000000000001,17.253,-2.985999999999999
1588,2015-05-26,12.335,15.21,-2.875
1589,2015-05-27,13.074000000000002,19.484,-6.41
1590,2015-05-28,13.925999999999998,19.964000000000002,-6.038000000000004
1591,2015-05-29,13.017000000000001,20.007,-6.99
1592,2015-05-30,9.834,11.737,-1.9030000000000005
1593,2015-05-31,12.619000000000002,15.333,-2.7139999999999986
1594,2015-01-06,18.019000000000002,25.118000000000002,-7.099
1595,2015-02-06,11.709000000000001,12.065,-0.3559999999999981
1596,2015-03-06,14.04,19.8,-5.760000000000002
1597,2015-04-06,23.419,30.569000000000003,-7.150000000000002
1598,2015-05-06,22.112,19.054000000000002,3.0579999999999963
1599,2015-06-06,35.924,38.189,-2.2650000000000006
1600,2015-07-06,46.611000000000004,43.911,2.700000000000003
1601,2015-08-06,33.366,31.776999999999997,1.5890000000000022
1602,2015-09-06,20.065,13.914000000000001,6.151
1603,2015-10-06,23.248,19.748,3.5
1604,2015-11-06,44.336999999999996,34.045,10.291999999999994
1605,2015-12-06,33.366,26.877,6.489000000000001
1606,2015-06-13,27.057,24.76,2.296999999999997
1607,2015-06-14,19.724,20.152,-0.4280000000000008
1608,2015-06-15,12.732999999999999,10.73,2.0029999999999983
1609,2015-06-16,14.835999999999999,9.164,5.671999999999999
1610,2015-06-17,21.486,17.523,3.963000000000001
1611,2015-06-18,30.524,32.455999999999996,-1.931999999999995
1612,2015-06-19,25.976999999999997,23.714000000000002,2.2629999999999946
1613,2015-06-20,24.385,26.823,-2.437999999999999
1614,2015-06-21,25.863000000000003,30.27,-4.4069999999999965
1615,2015-06-22,32.4,38.551,-6.151000000000003
1616,2015-06-23,32.626999999999995,38.361999999999995,-5.734999999999999
1617,2015-06-24,27.0,27.943,-0.9430000000000014
1618,2015-06-25,24.555999999999997,22.133000000000003,2.4229999999999947
1619,2015-06-26,24.84,19.486,5.353999999999999
1620,2015-06-27,22.509,25.138,-2.6290000000000013
1621,2015-06-28,25.124000000000002,27.473000000000003,-2.349
1622,2015-06-29,37.459,32.453,5.006
1623,2015-06-30,28.705,30.873,-2.168000000000003
1624,2015-01-07,43.427,28.464000000000002,14.962999999999997
1625,2015-02-07,49.339,38.844,10.494999999999997
1626,2015-03-07,48.316,52.126999999999995,-3.810999999999993
1627,2015-04-07,45.758,36.782,8.976000000000006
1628,2015-05-07,39.164,37.733000000000004,1.4309999999999974
1629,2015-06-07,43.93899999999999,49.477,-5.538000000000004
1630,2015-07-07,39.733000000000004,45.87,-6.136999999999993
1631,2015-08-07,28.989,29.505,-0.5159999999999982
1632,2015-09-07,26.601999999999997,30.588,-3.986000000000004
1633,2015-10-07,24.215,23.338,0.8769999999999989
1634,2015-11-07,19.213,20.445,-1.2319999999999993
1635,2015-12-07,29.103,32.582,-3.478999999999999
1636,2015-07-13,24.555999999999997,33.269,-8.713000000000001
1637,2015-07-14,14.779000000000002,21.711,-6.931999999999997
1638,2015-07-15,18.246,20.836,-2.59
1639,2015-07-16,21.486,24.755,-3.2689999999999984
1640,2015-07-17,15.745,20.207,-4.4620000000000015
1641,2015-07-18,43.257,40.736,2.521000000000001
1642,2015-07-19,32.059,41.14,-9.081000000000003
1643,2015-07-20,19.781,24.628,-4.847000000000001
1644,2015-07-21,21.6,26.586,-4.985999999999997
1645,2015-07-22,36.265,34.891999999999996,1.3730000000000047
1646,2015-07-23,17.394000000000002,22.749000000000002,-5.355
1647,2015-07-24,31.035999999999998,26.324,4.711999999999996
1648,2015-07-25,19.781,29.877,-10.096
1649,2015-07-26,20.406,28.273000000000003,-7.867000000000004
1650,2015-07-27,19.497,27.334,-7.837
1651,2015-07-28,12.96,22.775,-9.814999999999998
1652,2015-07-29,22.453000000000003,27.646,-5.192999999999998
1653,2015-07-30,18.872,28.016,-9.143999999999998
1654,2015-07-31,14.607999999999999,22.854,-8.246
1655,2015-01-08,9.265,15.452,-6.186999999999999
1656,2015-02-08,11.88,20.408,-8.528
1657,2015-03-08,9.379,18.42,-9.041000000000002
1658,2015-04-08,25.522,26.493000000000002,-0.9710000000000036
1659,2015-05-08,21.429000000000002,36.728,-15.299
1660,2015-06-08,17.792,28.432,-10.639999999999997
1661,2015-07-08,28.250999999999998,36.666,-8.415
1662,2015-08-08,13.300999999999998,29.776,-16.475
1663,2015-09-08,15.859000000000002,21.08,-5.2209999999999965
1664,2015-10-08,20.861,20.959,-0.09799999999999898
1665,2015-11-08,35.525999999999996,30.605999999999998,4.919999999999998
1666,2015-12-08,15.632,27.18,-11.548
1667,2015-08-13,8.867,16.065,-7.198
1668,2015-08-14,11.198,20.051,-8.852999999999998
1669,2015-08-15,17.564,27.526,-9.962
1670,2015-08-16,35.64,44.788999999999994,-9.148999999999994
1671,2015-08-17,20.52,33.063,-12.543000000000003
1672,2015-08-18,13.244000000000002,24.88,-11.635999999999997
1673,2015-08-19,11.88,23.311999999999998,-11.431999999999997
1674,2015-08-20,8.867,23.24,-14.372999999999998
1675,2015-08-21,8.924,22.368000000000002,-13.444000000000003
1676,2015-08-22,8.526,22.930999999999997,-14.404999999999998
1677,2015-08-23,6.309,19.381,-13.072
1678,2015-08-24,7.6739999999999995,20.697,-13.023
1679,2015-08-25,15.234000000000002,22.011,-6.7769999999999975
1680,2015-08-26,11.88,34.976,-23.095999999999997
1681,2015-08-27,28.933000000000003,28.726,0.2070000000000043
1682,2015-08-28,16.712,28.554000000000002,-11.842000000000002
1683,2015-08-29,25.522,29.068,-3.546000000000003
1684,2015-08-30,37.288000000000004,39.543,-2.2549999999999955
1685,2015-08-31,23.362,39.008,-15.646000000000004
1686,2015-01-09,5.968,16.703,-10.735
1687,2015-02-09,6.821000000000001,17.475,-10.654
1688,2015-03-09,4.888,14.437999999999999,-9.549999999999999
1689,2015-04-09,3.3539999999999996,11.595999999999998,-8.241999999999999
1690,2015-05-09,6.196000000000001,13.107999999999999,-6.911999999999998
1691,2015-06-09,2.728,11.284,-8.556000000000001
1692,2015-07-09,2.16,9.511000000000001,-7.351000000000001
1693,2015-08-09,2.16,8.509,-6.349
1694,2015-09-09,2.103,8.253,-6.15
1695,2015-10-09,1.989,8.437000000000001,-6.448000000000001
1696,2015-11-09,1.989,8.658,-6.669
1697,2015-12-09,2.16,8.566,-6.406000000000001
1698,2015-09-13,3.411,8.189,-4.7780000000000005
1699,2015-09-14,4.206,9.126,-4.919999999999999
1700,2015-09-15,9.891,10.062999999999999,-0.17199999999999882
1701,2015-09-16,6.138999999999999,16.006,-9.867
1702,2015-09-17,3.013,11.949000000000002,-8.936000000000002
1703,2015-09-18,3.9789999999999996,9.529,-5.550000000000001
1704,2015-09-19,4.718,9.574,-4.856
1705,2015-09-20,3.069,9.581,-6.512
1706,2015-09-21,1.989,8.172,-6.183000000000001
1707,2015-09-22,1.5919999999999999,6.645,-5.053
1708,2015-09-23,1.819,6.182,-4.363
1709,2015-09-24,5.684,5.896,-0.21199999999999974
1710,2015-09-25,26.601999999999997,7.885,18.717
1711,2015-09-26,19.099,18.406,0.6930000000000014
1712,2015-09-27,4.775,12.334000000000001,-7.559000000000001
1713,2015-09-28,2.728,8.915,-6.186999999999999
1714,2015-09-29,2.103,7.053999999999999,-4.950999999999999
1715,2015-09-30,2.331,5.742000000000001,-3.411000000000001
1716,2015-01-10,3.1260000000000003,5.255,-2.1289999999999996
1717,2015-02-10,7.388999999999999,5.496,1.892999999999999
1718,2015-03-10,4.4910000000000005,6.403,-1.911999999999999
1719,2015-04-10,3.638,6.645,-3.0069999999999997
1720,2015-05-10,2.387,5.925,-3.538
1721,2015-06-10,1.819,5.071000000000001,-3.2520000000000007
1722,2015-07-10,1.421,4.521,-3.0999999999999996
1723,2015-08-10,2.217,4.477,-2.2600000000000002
1724,2015-09-10,6.138999999999999,5.225,0.9139999999999997
1725,2015-10-10,2.501,5.26,-2.759
1726,2015-11-10,1.819,4.423,-2.604
1727,2015-12-10,1.535,4.295,-2.76
1728,2015-10-13,1.364,4.1739999999999995,-2.8099999999999996
1729,2015-10-14,1.137,4.055,-2.9179999999999997
1730,2015-10-15,1.023,3.9339999999999997,-2.9109999999999996
1731,2015-10-16,0.909,3.819,-2.91
1732,2015-10-17,0.7390000000000001,3.713,-2.974
1733,2015-10-18,0.682,3.613,-2.931
1734,2015-10-19,0.625,3.52,-2.895
1735,2015-10-20,0.909,3.4219999999999997,-2.513
1736,2015-10-21,4.888,3.7969999999999997,1.0910000000000002
1737,2015-10-22,49.453,5.82,43.633
1738,2015-10-23,22.794,39.887,-17.093
1739,2015-10-24,14.779000000000002,16.877,-2.097999999999997
1740,2015-10-25,14.437999999999999,29.758000000000003,-15.320000000000004
1741,2015-10-26,24.044,17.68,6.364000000000001
1742,2015-10-27,10.118,11.56,-1.4420000000000002
1743,2015-10-28,4.263,9.656,-5.393000000000001
1744,2015-10-29,2.444,7.761,-5.317
1745,2015-10-30,3.865,5.936,-2.0709999999999997
1746,2015-10-31,11.368,5.162999999999999,6.205000000000001
1747,2015-01-11,8.128,6.372999999999999,1.7550000000000008
1748,2015-02-11,3.9789999999999996,6.3629999999999995,-2.384
1749,2015-03-11,2.842,4.678999999999999,-1.8369999999999993
1750,2015-04-11,2.785,3.8689999999999998,-1.0839999999999996
1751,2015-05-11,1.989,3.781,-1.792
1752,2015-06-11,1.989,3.7060000000000004,-1.7170000000000003
1753,2015-07-11,14.210999999999999,6.832999999999999,7.377999999999999
1754,2015-08-11,6.422999999999999,9.058,-2.6350000000000007
1755,2015-09-11,32.286,14.606,17.68
1756,2015-10-11,30.638,37.992,-7.353999999999996
1757,2015-11-11,25.295,22.616,2.679000000000002
1758,2015-12-11,17.735,31.171,-13.436
1759,2015-11-13,19.724,29.599,-9.875
1760,2015-11-14,8.072000000000001,12.149000000000001,-4.077
1761,2015-11-15,13.130999999999998,9.908999999999999,3.2219999999999995
1762,2015-11-16,6.935,10.118,-3.1830000000000007
1763,2015-11-17,6.48,9.907,-3.4269999999999996
1764,2015-11-18,6.3660000000000005,10.179,-3.8129999999999997
1765,2015-11-19,3.9219999999999997,9.931000000000001,-6.009000000000001
1766,2015-11-20,8.64,8.056000000000001,0.5839999999999996
1767,2015-11-21,19.042,5.803,13.239
1768,2015-11-22,27.171,4.263999999999999,22.907
1769,2015-11-23,24.499000000000002,3.985,20.514000000000003
1770,2015-11-24,8.924,3.875,5.0489999999999995
1771,2015-11-25,3.467,3.84,-0.3729999999999998
1772,2015-11-26,3.2969999999999997,3.766,-0.4690000000000003
1773,2015-11-27,78.27199999999999,7.521,70.75099999999999
1774,2015-11-28,20.52,21.127,-0.6069999999999993
1775,2015-11-29,5.513999999999999,10.585999999999999,-5.071999999999999
1776,2015-11-30,3.467,7.267,-3.8000000000000003
1777,2015-01-12,3.013,5.346,-2.333
1778,2015-02-12,11.255,4.006,7.2490000000000006
1779,2015-03-12,18.758,7.8389999999999995,10.919
1780,2015-04-12,6.082000000000001,9.977,-3.8949999999999996
1781,2015-05-12,51.897,9.135,42.762
1782,2015-06-12,19.156,20.768,-1.6120000000000019
1783,2015-07-12,7.276,11.685,-4.409000000000001
1784,2015-08-12,14.607999999999999,8.232999999999999,6.375
1785,2015-09-12,30.695,39.599000000000004,-8.904000000000003
1786,2015-10-12,46.383,29.07,17.313000000000002
1787,2015-11-12,11.368,10.780999999999999,0.5870000000000015
1788,2015-12-12,5.571000000000001,7.585,-2.0139999999999993
1789,2015-12-13,8.526,5.541,2.9849999999999994
1790,2015-12-14,13.527999999999999,4.208,9.319999999999999
1791,2015-12-15,30.524,4.024,26.5
1792,2015-12-16,42.632,3.904,38.727999999999994
1793,2015-12-17,22.168000000000003,4.5,17.668000000000003
1794,2015-12-18,52.295,16.421,35.874
1795,2015-12-19,69.347,38.365,30.981999999999992
1796,2015-12-20,101.91799999999999,71.712,30.20599999999999
1797,2015-12-21,55.648,85.837,-30.189
1798,2015-12-22,12.619000000000002,23.217,-10.597999999999997
1799,2015-12-23,7.218999999999999,12.727,-5.508000000000001
1800,2015-12-24,16.029,10.48,5.5489999999999995
1801,2015-12-25,15.062999999999999,24.171,-9.108
1802,2015-12-26,5.797999999999999,12.252,-6.4540000000000015
1803,2015-12-27,5.229,7.515,-2.2859999999999996
1804,2015-12-28,8.867,5.4270000000000005,3.4400000000000004
1805,2015-12-29,9.549,4.75,4.7989999999999995
1806,2015-12-30,7.617000000000001,4.996,2.6210000000000004
1807,2015-12-31,14.665,9.555,5.109999999999999
